# time_s bgx bgy bgz bax bay baz
4845.04 0 0 0 0 0 0
4845.14 0 0 0 0 0 0
4845.24 0 0 0 0 0 0
4845.34 0 0 0 0 0 0
4845.44 0 0 0 0 0 0
4845.54 0 0 0 0 0 0
4845.64 0 0 0 0 0 0
4845.74 0 0 0 0 0 0
4845.84 0 0 0 0 0 0
4845.94 0 0 0 0 0 0
4846.04 0 0 0 0 0 0
4846.14 0 0 0 0 0 0
4846.24 0 0 0 0 0 0
4846.34 0 0 0 0 0 0
4846.44 0 0 0 0 0 0
4846.54 0 0 0 0 0 0
4846.64 0 0 0 0 0 0
4846.74 0 0 0 0 0 0
4846.84 0 0 0 0 0 0
4846.94 0 0 0 0 0 0
4847.04 0 0 0 0 0 0
4847.14 0 0 0 0 0 0
4847.24 0 0 0 0 0 0
4847.34 0 0 0 0 0 0
4847.44 0 0 0 0 0 0
4847.54 0 0 0 0 0 0
4847.64 0 0 0 0 0 0
4847.74 0 0 0 0 0 0
4847.84 0 0 0 0 0 0
4847.94 0 0 0 0 0 0
4848.04 0 0 0 0 0 0
4848.14 0 0 0 0 0 0
4848.24 0 0 0 0 0 0
4848.34 0 0 0 0 0 0
4848.44 0 0 0 0 0 0
4848.54 0 0 0 0 0 0
4848.64 0 0 0 0 0 0
4848.74 0 0 0 0 0 0
4848.84 0 0 0 0 0 0
4848.94 0 0 0 0 0 0
4849.04 0 0 0 0 0 0
4849.14 0 0 0 0 0 0
4849.24 0 0 0 0 0 0
4849.34 0 0 0 0 0 0
4849.44 0 0 0 0 0 0
4849.54 0 0 0 0 0 0
4849.64 0 0 0 0 0 0
4849.74 0 0 0 0 0 0
4849.84 0 0 0 0 0 0
4849.94 0 0 0 0 0 0
4850.04 0 0 0 0 0 0
4850.14 0 0 0 0 0 0
4850.24 0 0 0 0 0 0
4850.34 0 0 0 0 0 0
4850.44 0 0 0 0 0 0
4850.54 0 0 0 0 0 0
4850.64 0 0 0 0 0 0
4850.74 0 0 0 0 0 0
4850.84 0 0 0 0 0 0
4850.94 0 0 0 0 0 0
4851.04 0 0 0 0 0 0
4851.14 0 0 0 0 0 0
4851.24 0 0 0 0 0 0
4851.34 0 0 0 0 0 0
4851.44 0 0 0 0 0 0
4851.54 0 0 0 0 0 0
4851.64 0 0 0 0 0 0
4851.74 0 0 0 0 0 0
4851.84 0 0 0 0 0 0
4851.94 0 0 0 0 0 0
4852.04 0 0 0 0 0 0
4852.14 0 0 0 0 0 0
4852.24 0 0 0 0 0 0
4852.34 0 0 0 0 0 0
4852.44 0 0 0 0 0 0
4852.54 0 0 0 0 0 0
4852.64 0 0 0 0 0 0
4852.74 0 0 0 0 0 0
4852.84 0 0 0 0 0 0
4852.94 0 0 0 0 0 0
4853.04 0 0 0 0 0 0
4853.14 0 0 0 0 0 0
4853.24 0 0 0 0 0 0
4853.34 0 0 0 0 0 0
4853.44 0 0 0 0 0 0
4853.54 0 0 0 0 0 0
4853.64 0 0 0 0 0 0
4853.74 0 0 0 0 0 0
4853.84 0 0 0 0 0 0
4853.94 0 0 0 0 0 0
4854.04 0 0 0 0 0 0
4854.14 0 0 0 0 0 0
4854.24 0 0 0 0 0 0
4854.34 0 0 0 0 0 0
4854.44 0 0 0 0 0 0
4854.54 0 0 0 0 0 0
4854.64 0 0 0 0 0 0
4854.74 0 0 0 0 0 0
4854.84 0 0 0 0 0 0
4854.94 0 0 0 0 0 0
4855.04 0 0 0 0 0 0
4855.14 0 0 0 0 0 0
4855.24 0 0 0 0 0 0
4855.34 0 0 0 0 0 0
4855.44 0 0 0 0 0 0
4855.54 0 0 0 0 0 0
4855.64 0 0 0 0 0 0
4855.74 0 0 0 0 0 0
4855.84 0 0 0 0 0 0
4855.94 0 0 0 0 0 0
4856.04 0 0 0 0 0 0
4856.14 0 0 0 0 0 0
4856.24 0 0 0 0 0 0
4856.34 0 0 0 0 0 0
4856.44 0 0 0 0 0 0
4856.54 0 0 0 0 0 0
4856.64 0 0 0 0 0 0
4856.74 0 0 0 0 0 0
4856.84 0 0 0 0 0 0
4856.94 0 0 0 0 0 0
4857.04 0 0 0 0 0 0
4857.14 0 0 0 0 0 0
4857.24 0 0 0 0 0 0
4857.34 0 0 0 0 0 0
4857.44 0 0 0 0 0 0
4857.54 0 0 0 0 0 0
4857.64 0 0 0 0 0 0
4857.74 0 0 0 0 0 0
4857.84 0 0 0 0 0 0
4857.94 0 0 0 0 0 0
4858.04 0 0 0 0 0 0
4858.14 0 0 0 0 0 0
4858.24 0 0 0 0 0 0
4858.34 0 0 0 0 0 0
4858.44 0 0 0 0 0 0
4858.54 0 0 0 0 0 0
4858.64 0 0 0 0 0 0
4858.74 0 0 0 0 0 0
4858.84 0 0 0 0 0 0
4858.94 0 0 0 0 0 0
4859.04 0 0 0 0 0 0
4859.14 0 0 0 0 0 0
4859.24 0 0 0 0 0 0
4859.34 0 0 0 0 0 0
4859.44 0 0 0 0 0 0
4859.54 0 0 0 0 0 0
4859.64 0 0 0 0 0 0
4859.74 0 0 0 0 0 0
4859.84 0 0 0 0 0 0
4859.94 0 0 0 0 0 0
4860.04 0 0 0 0 0 0
4860.14 0 0 0 0 0 0
4860.24 0 0 0 0 0 0
4860.34 0 0 0 0 0 0
4860.44 0 0 0 0 0 0
4860.54 0 0 0 0 0 0
4860.64 0 0 0 0 0 0
4860.74 0 0 0 0 0 0
4860.84 0 0 0 0 0 0
4860.94 0 0 0 0 0 0
4861.04 0 0 0 0 0 0
4861.14 0 0 0 0 0 0
4861.24 0 0 0 0 0 0
4861.34 0 0 0 0 0 0
4861.44 0 0 0 0 0 0
4861.54 0 0 0 0 0 0
4861.64 0 0 0 0 0 0
4861.74 0 0 0 0 0 0
4861.84 0 0 0 0 0 0
4861.94 0 0 0 0 0 0
4862.04 0 0 0 0 0 0
4862.14 0 0 0 0 0 0
4862.24 0 0 0 0 0 0
4862.34 0 0 0 0 0 0
4862.44 0 0 0 0 0 0
4862.54 0 0 0 0 0 0
4862.64 0 0 0 0 0 0
4862.74 0 0 0 0 0 0
4862.84 0 0 0 0 0 0
4862.94 0 0 0 0 0 0
4863.04 0 0 0 0 0 0
4863.14 0 0 0 0 0 0
4863.24 0 0 0 0 0 0
4863.34 0 0 0 0 0 0
4863.44 0 0 0 0 0 0
4863.54 0 0 0 0 0 0
4863.64 0 0 0 0 0 0
4863.74 0 0 0 0 0 0
4863.84 0 0 0 0 0 0
4863.94 0 0 0 0 0 0
4864.04 0 0 0 0 0 0
4864.14 0 0 0 0 0 0
4864.24 0 0 0 0 0 0
4864.34 0 0 0 0 0 0
4864.44 0 0 0 0 0 0
4864.54 0 0 0 0 0 0
4864.64 0 0 0 0 0 0
4864.74 0 0 0 0 0 0
4864.84 0 0 0 0 0 0
4864.94 0 0 0 0 0 0
4865.04 0 0 0 0 0 0
4865.14 0 0 0 0 0 0
4865.24 0 0 0 0 0 0
4865.34 0 0 0 0 0 0
4865.44 0 0 0 0 0 0
4865.54 0 0 0 0 0 0
4865.64 0 0 0 0 0 0
4865.74 0 0 0 0 0 0
4865.84 0 0 0 0 0 0
4865.94 0 0 0 0 0 0
4866.04 0 0 0 0 0 0
4866.14 0 0 0 0 0 0
4866.24 0 0 0 0 0 0
4866.34 0 0 0 0 0 0
4866.44 0 0 0 0 0 0
4866.54 0 0 0 0 0 0
4866.64 0 0 0 0 0 0
4866.74 0 0 0 0 0 0
4866.84 0 0 0 0 0 0
4866.94 0 0 0 0 0 0
4867.04 0 0 0 0 0 0
4867.14 0 0 0 0 0 0
4867.24 0 0 0 0 0 0
4867.34 0 0 0 0 0 0
4867.44 0 0 0 0 0 0
4867.54 0 0 0 0 0 0
4867.64 0 0 0 0 0 0
4867.74 0 0 0 0 0 0
4867.84 0 0 0 0 0 0
4867.94 0 0 0 0 0 0
4868.04 0 0 0 0 0 0
4868.14 0 0 0 0 0 0
4868.24 0 0 0 0 0 0
4868.34 0 0 0 0 0 0
4868.44 0 0 0 0 0 0
4868.54 0 0 0 0 0 0
4868.64 0 0 0 0 0 0
4868.74 0 0 0 0 0 0
4868.84 0 0 0 0 0 0
4868.94 0 0 0 0 0 0
4869.04 0 0 0 0 0 0
4869.14 0 0 0 0 0 0
4869.24 0 0 0 0 0 0
4869.34 0 0 0 0 0 0
4869.44 0 0 0 0 0 0
4869.54 0 0 0 0 0 0
4869.64 0 0 0 0 0 0
4869.74 0 0 0 0 0 0
4869.84 0 0 0 0 0 0
4869.94 0 0 0 0 0 0
4870.04 0 0 0 0 0 0
4870.14 0 0 0 0 0 0
4870.24 0 0 0 0 0 0
4870.34 0 0 0 0 0 0
4870.44 0 0 0 0 0 0
4870.54 0 0 0 0 0 0
4870.64 0 0 0 0 0 0
4870.74 0 0 0 0 0 0
4870.84 0 0 0 0 0 0
4870.94 0 0 0 0 0 0
4871.04 0 0 0 0 0 0
4871.14 0 0 0 0 0 0
4871.24 0 0 0 0 0 0
4871.34 0 0 0 0 0 0
4871.44 0 0 0 0 0 0
4871.54 0 0 0 0 0 0
4871.64 0 0 0 0 0 0
4871.74 0 0 0 0 0 0
4871.84 0 0 0 0 0 0
4871.94 0 0 0 0 0 0
4872.04 0 0 0 0 0 0
4872.14 0 0 0 0 0 0
4872.24 0 0 0 0 0 0
4872.34 0 0 0 0 0 0
4872.44 0 0 0 0 0 0
4872.54 0 0 0 0 0 0
4872.64 0 0 0 0 0 0
4872.74 0 0 0 0 0 0
4872.84 0 0 0 0 0 0
4872.94 0 0 0 0 0 0
4873.04 0 0 0 0 0 0
4873.14 0 0 0 0 0 0
4873.24 0 0 0 0 0 0
4873.34 0 0 0 0 0 0
4873.44 0 0 0 0 0 0
4873.54 0 0 0 0 0 0
4873.64 0 0 0 0 0 0
4873.74 0 0 0 0 0 0
4873.84 0 0 0 0 0 0
4873.94 0 0 0 0 0 0
4874.04 0 0 0 0 0 0
4874.14 0 0 0 0 0 0
4874.24 0 0 0 0 0 0
4874.34 0 0 0 0 0 0
4874.44 0 0 0 0 0 0
4874.54 0 0 0 0 0 0
4874.64 0 0 0 0 0 0
4874.74 0 0 0 0 0 0
4874.84 0 0 0 0 0 0
4874.94 0 0 0 0 0 0
4875.04 0 0 0 0 0 0
4875.14 0 0 0 0 0 0
4875.24 0 0 0 0 0 0
4875.34 0 0 0 0 0 0
4875.44 0 0 0 0 0 0
4875.54 0 0 0 0 0 0
4875.64 0 0 0 0 0 0
4875.74 0 0 0 0 0 0
4875.84 0 0 0 0 0 0
4875.94 0 0 0 0 0 0
4876.04 0 0 0 0 0 0
4876.14 0 0 0 0 0 0
4876.24 0 0 0 0 0 0
4876.34 0 0 0 0 0 0
4876.44 0 0 0 0 0 0
4876.54 0 0 0 0 0 0
4876.64 0 0 0 0 0 0
4876.74 0 0 0 0 0 0
4876.84 0 0 0 0 0 0
4876.94 0 0 0 0 0 0
4877.04 0 0 0 0 0 0
4877.14 0 0 0 0 0 0
4877.24 0 0 0 0 0 0
4877.34 0 0 0 0 0 0
4877.44 0 0 0 0 0 0
4877.54 0 0 0 0 0 0
4877.64 0 0 0 0 0 0
4877.74 0 0 0 0 0 0
4877.84 0 0 0 0 0 0
4877.94 0 0 0 0 0 0
4878.04 0 0 0 0 0 0
4878.14 0 0 0 0 0 0
4878.24 0 0 0 0 0 0
4878.34 0 0 0 0 0 0
4878.44 0 0 0 0 0 0
4878.54 0 0 0 0 0 0
4878.64 0 0 0 0 0 0
4878.74 0 0 0 0 0 0
4878.84 0 0 0 0 0 0
4878.94 0 0 0 0 0 0
4879.04 0 0 0 0 0 0
4879.14 0 0 0 0 0 0
4879.24 0 0 0 0 0 0
4879.34 0 0 0 0 0 0
4879.44 0 0 0 0 0 0
4879.54 0 0 0 0 0 0
4879.64 0 0 0 0 0 0
4879.74 0 0 0 0 0 0
4879.84 0 0 0 0 0 0
4879.94 0 0 0 0 0 0
4880.04 0 0 0 0 0 0
4880.14 0 0 0 0 0 0
4880.24 0 0 0 0 0 0
4880.34 0 0 0 0 0 0
4880.44 0 0 0 0 0 0
4880.54 0 0 0 0 0 0
4880.64 0 0 0 0 0 0
4880.74 0 0 0 0 0 0
4880.84 0 0 0 0 0 0
4880.94 0 0 0 0 0 0
4881.04 0 0 0 0 0 0
4881.14 0 0 0 0 0 0
4881.24 0 0 0 0 0 0
4881.34 0 0 0 0 0 0
4881.44 0 0 0 0 0 0
4881.54 0 0 0 0 0 0
4881.64 0 0 0 0 0 0
4881.74 0 0 0 0 0 0
4881.84 0 0 0 0 0 0
4881.94 0 0 0 0 0 0
4882.04 0 0 0 0 0 0
4882.14 0 0 0 0 0 0
4882.24 0 0 0 0 0 0
4882.34 0 0 0 0 0 0
4882.44 0 0 0 0 0 0
4882.54 0 0 0 0 0 0
4882.64 0 0 0 0 0 0
4882.74 0 0 0 0 0 0
4882.84 0 0 0 0 0 0
4882.94 0 0 0 0 0 0
4883.04 0 0 0 0 0 0
4883.14 0 0 0 0 0 0
4883.24 0 0 0 0 0 0
4883.34 0 0 0 0 0 0
4883.44 0 0 0 0 0 0
4883.54 0 0 0 0 0 0
4883.64 0 0 0 0 0 0
4883.74 0 0 0 0 0 0
4883.84 0 0 0 0 0 0
4883.94 0 0 0 0 0 0
4884.04 0 0 0 0 0 0
4884.14 0 0 0 0 0 0
4884.24 0 0 0 0 0 0
4884.34 0 0 0 0 0 0
4884.44 0 0 0 0 0 0
4884.54 0 0 0 0 0 0
4884.64 0 0 0 0 0 0
4884.74 0 0 0 0 0 0
4884.84 0 0 0 0 0 0
4884.94 0 0 0 0 0 0
4885.04 0 0 0 0 0 0
4885.14 0 0 0 0 0 0
4885.24 0 0 0 0 0 0
4885.34 0 0 0 0 0 0
4885.44 0 0 0 0 0 0
4885.54 0 0 0 0 0 0
4885.64 0 0 0 0 0 0
4885.74 0 0 0 0 0 0
4885.84 0 0 0 0 0 0
4885.94 0 0 0 0 0 0
4886.04 0 0 0 0 0 0
4886.14 0 0 0 0 0 0
4886.24 0 0 0 0 0 0
4886.34 0 0 0 0 0 0
4886.44 0 0 0 0 0 0
4886.54 0 0 0 0 0 0
4886.64 0 0 0 0 0 0
4886.74 0 0 0 0 0 0
4886.84 0 0 0 0 0 0
4886.94 0 0 0 0 0 0
4887.04 0 0 0 0 0 0
4887.14 0 0 0 0 0 0
4887.24 0 0 0 0 0 0
4887.34 0 0 0 0 0 0
4887.44 0 0 0 0 0 0
4887.54 0 0 0 0 0 0
4887.64 0 0 0 0 0 0
4887.74 0 0 0 0 0 0
4887.84 0 0 0 0 0 0
4887.94 0 0 0 0 0 0
4888.04 0 0 0 0 0 0
4888.14 0 0 0 0 0 0
4888.24 0 0 0 0 0 0
4888.34 0 0 0 0 0 0
4888.44 0 0 0 0 0 0
4888.54 0 0 0 0 0 0
4888.64 0 0 0 0 0 0
4888.74 0 0 0 0 0 0
4888.84 0 0 0 0 0 0
4888.94 0 0 0 0 0 0
4889.04 0 0 0 0 0 0
4889.14 0 0 0 0 0 0
4889.24 0 0 0 0 0 0
4889.34 0 0 0 0 0 0
4889.44 0 0 0 0 0 0
4889.54 0 0 0 0 0 0
4889.64 0 0 0 0 0 0
4889.74 0 0 0 0 0 0
4889.84 0 0 0 0 0 0
4889.94 0 0 0 0 0 0
4890.04 0 0 0 0 0 0
4890.14 0 0 0 0 0 0
4890.24 0 0 0 0 0 0
4890.34 0 0 0 0 0 0
4890.44 0 0 0 0 0 0
4890.54 0 0 0 0 0 0
4890.64 0 0 0 0 0 0
4890.74 0 0 0 0 0 0
4890.84 0 0 0 0 0 0
4890.94 0 0 0 0 0 0
4891.04 0 0 0 0 0 0
4891.14 0 0 0 0 0 0
4891.24 0 0 0 0 0 0
4891.34 0 0 0 0 0 0
4891.44 0 0 0 0 0 0
4891.54 0 0 0 0 0 0
4891.64 0 0 0 0 0 0
4891.74 0 0 0 0 0 0
4891.84 0 0 0 0 0 0
4891.94 0 0 0 0 0 0
4892.04 0 0 0 0 0 0
4892.14 0 0 0 0 0 0
4892.24 0 0 0 0 0 0
4892.34 0 0 0 0 0 0
4892.44 0 0 0 0 0 0
4892.54 0 0 0 0 0 0
4892.64 0 0 0 0 0 0
4892.74 0 0 0 0 0 0
4892.84 0 0 0 0 0 0
4892.94 0 0 0 0 0 0
4893.04 0 0 0 0 0 0
4893.14 0 0 0 0 0 0
4893.24 0 0 0 0 0 0
4893.34 0 0 0 0 0 0
4893.44 0 0 0 0 0 0
4893.54 0 0 0 0 0 0
4893.64 0 0 0 0 0 0
4893.74 0 0 0 0 0 0
4893.84 0 0 0 0 0 0
4893.94 0 0 0 0 0 0
4894.04 0 0 0 0 0 0
4894.14 0 0 0 0 0 0
4894.24 0 0 0 0 0 0
4894.34 0 0 0 0 0 0
4894.44 0 0 0 0 0 0
4894.54 0 0 0 0 0 0
4894.64 0 0 0 0 0 0
4894.74 0 0 0 0 0 0
4894.84 0 0 0 0 0 0
4894.94 0 0 0 0 0 0
4895.04 0 0 0 0 0 0
4895.14 0 0 0 0 0 0
4895.24 0 0 0 0 0 0
4895.34 0 0 0 0 0 0
4895.44 0 0 0 0 0 0
4895.54 0 0 0 0 0 0
4895.64 0 0 0 0 0 0
4895.74 0 0 0 0 0 0
4895.84 0 0 0 0 0 0
4895.94 0 0 0 0 0 0
4896.04 0 0 0 0 0 0
4896.14 0 0 0 0 0 0
4896.24 0 0 0 0 0 0
4896.34 0 0 0 0 0 0
4896.44 0 0 0 0 0 0
4896.54 0 0 0 0 0 0
4896.64 0 0 0 0 0 0
4896.74 0 0 0 0 0 0
4896.84 0 0 0 0 0 0
4896.94 0 0 0 0 0 0
4897.04 0 0 0 0 0 0
4897.14 0 0 0 0 0 0
4897.24 0 0 0 0 0 0
4897.34 0 0 0 0 0 0
4897.44 0 0 0 0 0 0
4897.54 0 0 0 0 0 0
4897.64 0 0 0 0 0 0
4897.74 0 0 0 0 0 0
4897.84 0 0 0 0 0 0
4897.94 0 0 0 0 0 0
4898.04 0 0 0 0 0 0
4898.14 0 0 0 0 0 0
4898.24 0 0 0 0 0 0
4898.34 0 0 0 0 0 0
4898.44 0 0 0 0 0 0
4898.54 0 0 0 0 0 0
4898.64 0 0 0 0 0 0
4898.74 0 0 0 0 0 0
4898.84 0 0 0 0 0 0
4898.94 0 0 0 0 0 0
4899.04 0 0 0 0 0 0
4899.14 0 0 0 0 0 0
4899.24 0 0 0 0 0 0
4899.34 0 0 0 0 0 0
4899.44 0 0 0 0 0 0
4899.54 0 0 0 0 0 0
4899.64 0 0 0 0 0 0
4899.74 0 0 0 0 0 0
4899.84 0 0 0 0 0 0
4899.94 0 0 0 0 0 0
4900.04 0 0 0 0 0 0
4900.14 0 0 0 0 0 0
4900.24 0 0 0 0 0 0
4900.34 0 0 0 0 0 0
4900.44 0 0 0 0 0 0
4900.54 0 0 0 0 0 0
4900.64 0 0 0 0 0 0
4900.74 0 0 0 0 0 0
4900.84 0 0 0 0 0 0
4900.94 0 0 0 0 0 0
4901.04 0 0 0 0 0 0
4901.14 0 0 0 0 0 0
4901.24 0 0 0 0 0 0
4901.34 0 0 0 0 0 0
4901.44 0 0 0 0 0 0
4901.54 0 0 0 0 0 0
4901.64 0 0 0 0 0 0
4901.74 0 0 0 0 0 0
4901.84 0 0 0 0 0 0
4901.94 0 0 0 0 0 0
4902.04 0 0 0 0 0 0
4902.14 0 0 0 0 0 0
4902.24 0 0 0 0 0 0
4902.34 0 0 0 0 0 0
4902.44 0 0 0 0 0 0
4902.54 0 0 0 0 0 0
4902.64 0 0 0 0 0 0
4902.74 0 0 0 0 0 0
4902.84 0 0 0 0 0 0
4902.94 0 0 0 0 0 0
4903.04 0 0 0 0 0 0
4903.14 0 0 0 0 0 0
4903.24 0 0 0 0 0 0
4903.34 0 0 0 0 0 0
4903.44 0 0 0 0 0 0
4903.54 0 0 0 0 0 0
4903.64 0 0 0 0 0 0
4903.74 0 0 0 0 0 0
4903.84 0 0 0 0 0 0
4903.94 0 0 0 0 0 0
4904.04 0 0 0 0 0 0
4904.14 0 0 0 0 0 0
4904.24 0 0 0 0 0 0
4904.34 0 0 0 0 0 0
4904.44 0 0 0 0 0 0
4904.54 0 0 0 0 0 0
4904.64 0 0 0 0 0 0
4904.74 0 0 0 0 0 0
4904.84 0 0 0 0 0 0
4904.94 0 0 0 0 0 0
4905.04 0 0 0 0 0 0
4905.14 0 0 0 0 0 0
4905.24 0 0 0 0 0 0
4905.34 0 0 0 0 0 0
4905.44 0 0 0 0 0 0
4905.54 0 0 0 0 0 0
4905.64 0 0 0 0 0 0
4905.74 0 0 0 0 0 0
4905.84 0 0 0 0 0 0
4905.94 0 0 0 0 0 0
4906.04 0 0 0 0 0 0
4906.14 0 0 0 0 0 0
4906.24 0 0 0 0 0 0
4906.34 0 0 0 0 0 0
4906.44 0 0 0 0 0 0
4906.54 0 0 0 0 0 0
4906.64 0 0 0 0 0 0
4906.74 0 0 0 0 0 0
4906.84 0 0 0 0 0 0
4906.94 0 0 0 0 0 0
4907.04 0 0 0 0 0 0
4907.14 0 0 0 0 0 0
4907.24 0 0 0 0 0 0
4907.34 0 0 0 0 0 0
4907.44 0 0 0 0 0 0
4907.54 0 0 0 0 0 0
4907.64 0 0 0 0 0 0
4907.74 0 0 0 0 0 0
4907.84 0 0 0 0 0 0
4907.94 0 0 0 0 0 0
4908.04 0 0 0 0 0 0
4908.14 0 0 0 0 0 0
4908.24 0 0 0 0 0 0
4908.34 0 0 0 0 0 0
4908.44 0 0 0 0 0 0
4908.54 0 0 0 0 0 0
4908.64 0 0 0 0 0 0
4908.74 0 0 0 0 0 0
4908.84 0 0 0 0 0 0
4908.94 0 0 0 0 0 0
4909.04 0 0 0 0 0 0
4909.14 0 0 0 0 0 0
4909.24 0 0 0 0 0 0
4909.34 0 0 0 0 0 0
4909.44 0 0 0 0 0 0
4909.54 0 0 0 0 0 0
4909.64 0 0 0 0 0 0
4909.74 0 0 0 0 0 0
4909.84 0 0 0 0 0 0
4909.94 0 0 0 0 0 0
4910.04 0 0 0 0 0 0
4910.14 0 0 0 0 0 0
4910.24 0 0 0 0 0 0
4910.34 0 0 0 0 0 0
4910.44 0 0 0 0 0 0
4910.54 0 0 0 0 0 0
4910.64 0 0 0 0 0 0
4910.74 0 0 0 0 0 0
4910.84 0 0 0 0 0 0
4910.94 0 0 0 0 0 0
4911.04 0 0 0 0 0 0
4911.14 0 0 0 0 0 0
4911.24 0 0 0 0 0 0
4911.34 0 0 0 0 0 0
4911.44 0 0 0 0 0 0
4911.54 0 0 0 0 0 0
4911.64 0 0 0 0 0 0
4911.74 0 0 0 0 0 0
4911.84 0 0 0 0 0 0
4911.94 0 0 0 0 0 0
4912.04 0 0 0 0 0 0
4912.14 0 0 0 0 0 0
4912.24 0 0 0 0 0 0
4912.34 0 0 0 0 0 0
4912.44 0 0 0 0 0 0
4912.54 0 0 0 0 0 0
4912.64 0 0 0 0 0 0
4912.74 0 0 0 0 0 0
4912.84 0 0 0 0 0 0
4912.94 0 0 0 0 0 0
4913.04 0 0 0 0 0 0
4913.14 0 0 0 0 0 0
4913.24 0 0 0 0 0 0
4913.34 0 0 0 0 0 0
4913.44 0 0 0 0 0 0
4913.54 0 0 0 0 0 0
4913.64 0 0 0 0 0 0
4913.74 0 0 0 0 0 0
4913.84 0 0 0 0 0 0
4913.94 0 0 0 0 0 0
4914.04 0 0 0 0 0 0
4914.14 0 0 0 0 0 0
4914.24 0 0 0 0 0 0
4914.34 0 0 0 0 0 0
4914.44 0 0 0 0 0 0
4914.54 0 0 0 0 0 0
4914.64 0 0 0 0 0 0
4914.74 0 0 0 0 0 0
4914.84 0 0 0 0 0 0
4914.94 0 0 0 0 0 0
4915.04 0 0 0 0 0 0
4915.14 0 0 0 0 0 0
4915.24 0 0 0 0 0 0
4915.34 0 0 0 0 0 0
4915.44 0 0 0 0 0 0
4915.54 0 0 0 0 0 0
4915.64 0 0 0 0 0 0
4915.74 0 0 0 0 0 0
4915.84 0 0 0 0 0 0
4915.94 0 0 0 0 0 0
4916.04 0 0 0 0 0 0
4916.14 0 0 0 0 0 0
4916.24 0 0 0 0 0 0
4916.34 0 0 0 0 0 0
4916.44 0 0 0 0 0 0
4916.54 0 0 0 0 0 0
4916.64 0 0 0 0 0 0
4916.74 0 0 0 0 0 0
4916.84 0 0 0 0 0 0
4916.94 0 0 0 0 0 0
4917.04 0 0 0 0 0 0
4917.14 0 0 0 0 0 0
4917.24 0 0 0 0 0 0
4917.34 0 0 0 0 0 0
4917.44 0 0 0 0 0 0
4917.54 0 0 0 0 0 0
4917.64 0 0 0 0 0 0
4917.74 0 0 0 0 0 0
4917.84 0 0 0 0 0 0
4917.94 0 0 0 0 0 0
4918.04 0 0 0 0 0 0
4918.14 0 0 0 0 0 0
4918.24 0 0 0 0 0 0
4918.34 0 0 0 0 0 0
4918.44 0 0 0 0 0 0
4918.54 0 0 0 0 0 0
4918.64 0 0 0 0 0 0
4918.74 0 0 0 0 0 0
4918.84 0 0 0 0 0 0
4918.94 0 0 0 0 0 0
4919.04 0 0 0 0 0 0
4919.14 0 0 0 0 0 0
4919.24 0 0 0 0 0 0
4919.34 0 0 0 0 0 0
4919.44 0 0 0 0 0 0
4919.54 0 0 0 0 0 0
4919.64 0 0 0 0 0 0
4919.74 0 0 0 0 0 0
4919.84 0 0 0 0 0 0
4919.94 0 0 0 0 0 0
4920.04 0 0 0 0 0 0
4920.14 0 0 0 0 0 0
4920.24 0 0 0 0 0 0
4920.34 0 0 0 0 0 0
4920.44 0 0 0 0 0 0
4920.54 0 0 0 0 0 0
4920.64 0 0 0 0 0 0
4920.74 0 0 0 0 0 0
4920.84 0 0 0 0 0 0
4920.94 0 0 0 0 0 0
4921.04 0 0 0 0 0 0
4921.14 0 0 0 0 0 0
4921.24 0 0 0 0 0 0
4921.34 0 0 0 0 0 0
4921.44 0 0 0 0 0 0
4921.54 0 0 0 0 0 0
4921.64 0 0 0 0 0 0
4921.74 0 0 0 0 0 0
4921.84 0 0 0 0 0 0
4921.94 0 0 0 0 0 0
4922.04 0 0 0 0 0 0
4922.14 0 0 0 0 0 0
4922.24 0 0 0 0 0 0
4922.34 0 0 0 0 0 0
4922.44 0 0 0 0 0 0
4922.54 0 0 0 0 0 0
4922.64 0 0 0 0 0 0
4922.74 0 0 0 0 0 0
4922.84 0 0 0 0 0 0
4922.94 0 0 0 0 0 0
4923.04 0 0 0 0 0 0
4923.14 0 0 0 0 0 0
4923.24 0 0 0 0 0 0
4923.34 0 0 0 0 0 0
4923.44 0 0 0 0 0 0
4923.54 0 0 0 0 0 0
4923.64 0 0 0 0 0 0
4923.74 0 0 0 0 0 0
4923.84 0 0 0 0 0 0
4923.94 0 0 0 0 0 0
4924.04 0 0 0 0 0 0
4924.14 0 0 0 0 0 0
4924.24 0 0 0 0 0 0
4924.34 0 0 0 0 0 0
4924.44 0 0 0 0 0 0
4924.54 0 0 0 0 0 0
4924.64 0 0 0 0 0 0
4924.74 0 0 0 0 0 0
4924.84 0 0 0 0 0 0
4924.94 0 0 0 0 0 0
4925.04 0 0 0 0 0 0
4925.14 0 0 0 0 0 0
4925.24 0 0 0 0 0 0
4925.34 0 0 0 0 0 0
4925.44 0 0 0 0 0 0
4925.54 0 0 0 0 0 0
4925.64 0 0 0 0 0 0
4925.74 0 0 0 0 0 0
4925.84 0 0 0 0 0 0
4925.94 0 0 0 0 0 0
4926.04 0 0 0 0 0 0
4926.14 0 0 0 0 0 0
4926.24 0 0 0 0 0 0
4926.34 0 0 0 0 0 0
4926.44 0 0 0 0 0 0
4926.54 0 0 0 0 0 0
4926.64 0 0 0 0 0 0
4926.74 0 0 0 0 0 0
4926.84 0 0 0 0 0 0
4926.94 0 0 0 0 0 0
4927.04 0 0 0 0 0 0
4927.14 0 0 0 0 0 0
4927.24 0 0 0 0 0 0
4927.34 0 0 0 0 0 0
4927.44 0 0 0 0 0 0
4927.54 0 0 0 0 0 0
4927.64 0 0 0 0 0 0
4927.74 0 0 0 0 0 0
4927.84 0 0 0 0 0 0
4927.94 0 0 0 0 0 0
4928.04 0 0 0 0 0 0
4928.14 0 0 0 0 0 0
4928.24 0 0 0 0 0 0
4928.34 0 0 0 0 0 0
4928.44 0 0 0 0 0 0
4928.54 0 0 0 0 0 0
4928.64 0 0 0 0 0 0
4928.74 0 0 0 0 0 0
4928.84 0 0 0 0 0 0
4928.94 0 0 0 0 0 0
4929.04 0 0 0 0 0 0
4929.14 0 0 0 0 0 0
4929.24 0 0 0 0 0 0
4929.34 0 0 0 0 0 0
4929.44 0 0 0 0 0 0
4929.54 0 0 0 0 0 0
4929.64 0 0 0 0 0 0
4929.74 0 0 0 0 0 0
4929.84 0 0 0 0 0 0
4929.94 0 0 0 0 0 0
4930.04 0 0 0 0 0 0
4930.14 0 0 0 0 0 0
4930.24 0 0 0 0 0 0
4930.34 0 0 0 0 0 0
4930.44 0 0 0 0 0 0
4930.54 0 0 0 0 0 0
4930.64 0 0 0 0 0 0
4930.74 0 0 0 0 0 0
4930.84 0 0 0 0 0 0
4930.94 0 0 0 0 0 0
4931.04 0 0 0 0 0 0
4931.14 0 0 0 0 0 0
4931.24 0 0 0 0 0 0
4931.34 0 0 0 0 0 0
4931.44 0 0 0 0 0 0
4931.54 0 0 0 0 0 0
4931.64 0 0 0 0 0 0
4931.74 0 0 0 0 0 0
4931.84 0 0 0 0 0 0
4931.94 0 0 0 0 0 0
4932.04 0 0 0 0 0 0
4932.14 0 0 0 0 0 0
4932.24 0 0 0 0 0 0
4932.34 0 0 0 0 0 0
4932.44 0 0 0 0 0 0
4932.54 0 0 0 0 0 0
4932.64 0 0 0 0 0 0
4932.74 0 0 0 0 0 0
4932.84 0 0 0 0 0 0
4932.94 0 0 0 0 0 0
4933.04 0 0 0 0 0 0
4933.14 0 0 0 0 0 0
4933.24 0 0 0 0 0 0
4933.34 0 0 0 0 0 0
4933.44 0 0 0 0 0 0
4933.54 0 0 0 0 0 0
4933.64 0 0 0 0 0 0
4933.74 0 0 0 0 0 0
4933.84 0 0 0 0 0 0
4933.94 0 0 0 0 0 0
4934.04 0 0 0 0 0 0
4934.14 0 0 0 0 0 0
4934.24 0 0 0 0 0 0
4934.34 0 0 0 0 0 0
4934.44 0 0 0 0 0 0
4934.54 0 0 0 0 0 0
4934.64 0 0 0 0 0 0
4934.74 0 0 0 0 0 0
4934.84 0 0 0 0 0 0
4934.94 0 0 0 0 0 0
4935.04 0 0 0 0 0 0
4935.14 0 0 0 0 0 0
4935.24 0 0 0 0 0 0
4935.34 0 0 0 0 0 0
4935.44 0 0 0 0 0 0
4935.54 0 0 0 0 0 0
4935.64 0 0 0 0 0 0
4935.74 0 0 0 0 0 0
4935.84 0 0 0 0 0 0
4935.94 0 0 0 0 0 0
4936.04 0 0 0 0 0 0
4936.14 0 0 0 0 0 0
4936.24 0 0 0 0 0 0
4936.34 0 0 0 0 0 0
4936.44 0 0 0 0 0 0
4936.54 0 0 0 0 0 0
4936.64 0 0 0 0 0 0
4936.74 0 0 0 0 0 0
4936.84 0 0 0 0 0 0
4936.94 0 0 0 0 0 0
4937.04 0 0 0 0 0 0
4937.14 0 0 0 0 0 0
4937.24 0 0 0 0 0 0
4937.34 0 0 0 0 0 0
4937.44 0 0 0 0 0 0
4937.54 0 0 0 0 0 0
4937.64 0 0 0 0 0 0
4937.74 0 0 0 0 0 0
4937.84 0 0 0 0 0 0
4937.94 0 0 0 0 0 0
4938.04 0 0 0 0 0 0
4938.14 0 0 0 0 0 0
4938.24 0 0 0 0 0 0
4938.34 0 0 0 0 0 0
4938.44 0 0 0 0 0 0
4938.54 0 0 0 0 0 0
4938.64 0 0 0 0 0 0
4938.74 0 0 0 0 0 0
4938.84 0 0 0 0 0 0
4938.94 0 0 0 0 0 0
4939.04 0 0 0 0 0 0
4939.14 0 0 0 0 0 0
4939.24 0 0 0 0 0 0
4939.34 0 0 0 0 0 0
4939.44 0 0 0 0 0 0
4939.54 0 0 0 0 0 0
4939.64 0 0 0 0 0 0
4939.74 0 0 0 0 0 0
4939.84 0 0 0 0 0 0
4939.94 0 0 0 0 0 0
4940.04 0 0 0 0 0 0
4940.14 0 0 0 0 0 0
4940.24 0 0 0 0 0 0
4940.34 0 0 0 0 0 0
4940.44 0 0 0 0 0 0
4940.54 0 0 0 0 0 0
4940.64 0 0 0 0 0 0
4940.74 0 0 0 0 0 0
4940.84 0 0 0 0 0 0
4940.94 0 0 0 0 0 0
4941.04 0 0 0 0 0 0
4941.14 0 0 0 0 0 0
4941.24 0 0 0 0 0 0
4941.34 0 0 0 0 0 0
4941.44 0 0 0 0 0 0
4941.54 0 0 0 0 0 0
4941.64 0 0 0 0 0 0
4941.74 0 0 0 0 0 0
4941.84 0 0 0 0 0 0
4941.94 0 0 0 0 0 0
4942.04 0 0 0 0 0 0
4942.14 0 0 0 0 0 0
4942.24 0 0 0 0 0 0
4942.34 0 0 0 0 0 0
4942.44 0 0 0 0 0 0
4942.54 0 0 0 0 0 0
4942.64 0 0 0 0 0 0
4942.74 0 0 0 0 0 0
4942.84 0 0 0 0 0 0
4942.94 0 0 0 0 0 0
4943.04 0 0 0 0 0 0
4943.14 0 0 0 0 0 0
4943.24 0 0 0 0 0 0
4943.34 0 0 0 0 0 0
4943.44 0 0 0 0 0 0
4943.54 0 0 0 0 0 0
4943.64 0 0 0 0 0 0
4943.74 0 0 0 0 0 0
4943.84 0 0 0 0 0 0
4943.94 0 0 0 0 0 0
4944.04 0 0 0 0 0 0
4944.14 0 0 0 0 0 0
4944.24 0 0 0 0 0 0
4944.34 0 0 0 0 0 0
4944.44 0 0 0 0 0 0
4944.54 0 0 0 0 0 0
4944.64 0 0 0 0 0 0
4944.74 0 0 0 0 0 0
4944.84 0 0 0 0 0 0
4944.94 0 0 0 0 0 0
4945.04 0 0 0 0 0 0
4945.14 0 0 0 0 0 0
4945.24 0 0 0 0 0 0
4945.34 0 0 0 0 0 0
4945.44 0 0 0 0 0 0
4945.54 0 0 0 0 0 0
4945.64 0 0 0 0 0 0
4945.74 0 0 0 0 0 0
4945.84 0 0 0 0 0 0
4945.94 0 0 0 0 0 0
4946.04 0 0 0 0 0 0
4946.14 0 0 0 0 0 0
4946.24 0 0 0 0 0 0
4946.34 0 0 0 0 0 0
4946.44 0 0 0 0 0 0
4946.54 0 0 0 0 0 0
4946.64 0 0 0 0 0 0
4946.74 0 0 0 0 0 0
4946.84 0 0 0 0 0 0
4946.94 0 0 0 0 0 0
4947.04 0 0 0 0 0 0
4947.14 0 0 0 0 0 0
4947.24 0 0 0 0 0 0
4947.34 0 0 0 0 0 0
4947.44 0 0 0 0 0 0
4947.54 0 0 0 0 0 0
4947.64 0 0 0 0 0 0
4947.74 0 0 0 0 0 0
4947.84 0 0 0 0 0 0
4947.94 0 0 0 0 0 0
4948.04 0 0 0 0 0 0
4948.14 0 0 0 0 0 0
4948.24 0 0 0 0 0 0
4948.34 0 0 0 0 0 0
4948.44 0 0 0 0 0 0
4948.54 0 0 0 0 0 0
4948.64 0 0 0 0 0 0
4948.74 0 0 0 0 0 0
4948.84 0 0 0 0 0 0
4948.94 0 0 0 0 0 0
4949.04 0 0 0 0 0 0
4949.14 0 0 0 0 0 0
4949.24 0 0 0 0 0 0
4949.34 0 0 0 0 0 0
4949.44 0 0 0 0 0 0
4949.54 0 0 0 0 0 0
4949.64 0 0 0 0 0 0
4949.74 0 0 0 0 0 0
4949.84 0 0 0 0 0 0
4949.94 0 0 0 0 0 0
4950.04 0 0 0 0 0 0
4950.14 0 0 0 0 0 0
4950.24 0 0 0 0 0 0
4950.34 0 0 0 0 0 0
4950.44 0 0 0 0 0 0
4950.54 0 0 0 0 0 0
4950.64 0 0 0 0 0 0
4950.74 0 0 0 0 0 0
4950.84 0 0 0 0 0 0
4950.94 0 0 0 0 0 0
4951.04 0 0 0 0 0 0
4951.14 0 0 0 0 0 0
4951.24 0 0 0 0 0 0
4951.34 0 0 0 0 0 0
4951.44 0 0 0 0 0 0
4951.54 0 0 0 0 0 0
4951.64 0 0 0 0 0 0
4951.74 0 0 0 0 0 0
4951.84 0 0 0 0 0 0
4951.94 0 0 0 0 0 0
4952.04 0 0 0 0 0 0
4952.14 0 0 0 0 0 0
4952.24 0 0 0 0 0 0
4952.34 0 0 0 0 0 0
4952.44 0 0 0 0 0 0
4952.54 0 0 0 0 0 0
4952.64 0 0 0 0 0 0
4952.74 0 0 0 0 0 0
4952.84 0 0 0 0 0 0
4952.94 0 0 0 0 0 0
4953.04 0 0 0 0 0 0
4953.14 0 0 0 0 0 0
4953.24 0 0 0 0 0 0
4953.34 0 0 0 0 0 0
4953.44 0 0 0 0 0 0
4953.54 0 0 0 0 0 0
4953.64 0 0 0 0 0 0
4953.74 0 0 0 0 0 0
4953.84 0 0 0 0 0 0
4953.94 0 0 0 0 0 0
4954.04 0 0 0 0 0 0
4954.14 0 0 0 0 0 0
4954.24 0 0 0 0 0 0
4954.34 0 0 0 0 0 0
4954.44 0 0 0 0 0 0
4954.54 0 0 0 0 0 0
4954.64 0 0 0 0 0 0
4954.74 0 0 0 0 0 0
4954.84 0 0 0 0 0 0
4954.94 0 0 0 0 0 0
4955.04 0 0 0 0 0 0
4955.14 0 0 0 0 0 0
4955.24 0 0 0 0 0 0
4955.34 0 0 0 0 0 0
4955.44 0 0 0 0 0 0
4955.54 0 0 0 0 0 0
4955.64 0 0 0 0 0 0
4955.74 0 0 0 0 0 0
4955.84 0 0 0 0 0 0
4955.94 0 0 0 0 0 0
4956.04 0 0 0 0 0 0
4956.14 0 0 0 0 0 0
4956.24 0 0 0 0 0 0
4956.34 0 0 0 0 0 0
4956.44 0 0 0 0 0 0
4956.54 0 0 0 0 0 0
4956.64 0 0 0 0 0 0
4956.74 0 0 0 0 0 0
4956.84 0 0 0 0 0 0
4956.94 0 0 0 0 0 0
4957.04 0 0 0 0 0 0
4957.14 0 0 0 0 0 0
4957.24 0 0 0 0 0 0
4957.34 0 0 0 0 0 0
4957.44 0 0 0 0 0 0
4957.54 0 0 0 0 0 0
4957.64 0 0 0 0 0 0
4957.74 0 0 0 0 0 0
4957.84 0 0 0 0 0 0
4957.94 0 0 0 0 0 0
4958.04 0 0 0 0 0 0
4958.14 0 0 0 0 0 0
4958.24 0 0 0 0 0 0
4958.34 0 0 0 0 0 0
4958.44 0 0 0 0 0 0
4958.54 0 0 0 0 0 0
4958.64 0 0 0 0 0 0
4958.74 0 0 0 0 0 0
4958.84 0 0 0 0 0 0
4958.94 0 0 0 0 0 0
4959.04 0 0 0 0 0 0
4959.14 0 0 0 0 0 0
4959.24 0 0 0 0 0 0
4959.34 0 0 0 0 0 0
4959.44 0 0 0 0 0 0
4959.54 0 0 0 0 0 0
4959.64 0 0 0 0 0 0
4959.74 0 0 0 0 0 0
4959.84 0 0 0 0 0 0
4959.94 0 0 0 0 0 0
4960.04 0 0 0 0 0 0
4960.14 0 0 0 0 0 0
4960.24 0 0 0 0 0 0
4960.34 0 0 0 0 0 0
4960.44 0 0 0 0 0 0
4960.54 0 0 0 0 0 0
4960.64 0 0 0 0 0 0
4960.74 0 0 0 0 0 0
4960.84 0 0 0 0 0 0
4960.94 0 0 0 0 0 0
4961.04 0 0 0 0 0 0
4961.14 0 0 0 0 0 0
4961.24 0 0 0 0 0 0
4961.34 0 0 0 0 0 0
4961.44 0 0 0 0 0 0
4961.54 0 0 0 0 0 0
4961.64 0 0 0 0 0 0
4961.74 0 0 0 0 0 0
4961.84 0 0 0 0 0 0
4961.94 0 0 0 0 0 0
4962.04 0 0 0 0 0 0
4962.14 0 0 0 0 0 0
4962.24 0 0 0 0 0 0
4962.34 0 0 0 0 0 0
4962.44 0 0 0 0 0 0
4962.54 0 0 0 0 0 0
4962.64 0 0 0 0 0 0
4962.74 0 0 0 0 0 0
4962.84 0 0 0 0 0 0
4962.94 0 0 0 0 0 0
4963.04 0 0 0 0 0 0
4963.14 0 0 0 0 0 0
4963.24 0 0 0 0 0 0
4963.34 0 0 0 0 0 0
4963.44 0 0 0 0 0 0
4963.54 0 0 0 0 0 0
4963.64 0 0 0 0 0 0
4963.74 0 0 0 0 0 0
4963.84 0 0 0 0 0 0
4963.94 0 0 0 0 0 0
4964.04 0 0 0 0 0 0
4964.14 0 0 0 0 0 0
4964.24 0 0 0 0 0 0
4964.34 0 0 0 0 0 0
4964.44 0 0 0 0 0 0
4964.54 0 0 0 0 0 0
4964.64 0 0 0 0 0 0
4964.74 0 0 0 0 0 0
4964.84 0 0 0 0 0 0
4964.94 0 0 0 0 0 0
4965.04 0 0 0 0 0 0
4965.14 0 0 0 0 0 0
4965.24 0 0 0 0 0 0
4965.34 0 0 0 0 0 0
4965.44 0 0 0 0 0 0
4965.54 0 0 0 0 0 0
4965.64 0 0 0 0 0 0
4965.74 0 0 0 0 0 0
4965.84 0 0 0 0 0 0
4965.94 0 0 0 0 0 0
4966.04 0 0 0 0 0 0
4966.14 0 0 0 0 0 0
4966.24 0 0 0 0 0 0
4966.34 0 0 0 0 0 0
4966.44 0 0 0 0 0 0
4966.54 0 0 0 0 0 0
4966.64 0 0 0 0 0 0
4966.74 0 0 0 0 0 0
4966.84 0 0 0 0 0 0
4966.94 0 0 0 0 0 0
4967.04 0 0 0 0 0 0
4967.14 0 0 0 0 0 0
4967.24 0 0 0 0 0 0
4967.34 0 0 0 0 0 0
4967.44 0 0 0 0 0 0
4967.54 0 0 0 0 0 0
4967.64 0 0 0 0 0 0
4967.74 0 0 0 0 0 0
4967.84 0 0 0 0 0 0
4967.94 0 0 0 0 0 0
4968.04 0 0 0 0 0 0
4968.14 0 0 0 0 0 0
4968.24 0 0 0 0 0 0
4968.34 0 0 0 0 0 0
4968.44 0 0 0 0 0 0
4968.54 0 0 0 0 0 0
4968.64 0 0 0 0 0 0
4968.74 0 0 0 0 0 0
4968.84 0 0 0 0 0 0
4968.94 0 0 0 0 0 0
4969.04 0 0 0 0 0 0
4969.14 0 0 0 0 0 0
4969.24 0 0 0 0 0 0
4969.34 0 0 0 0 0 0
4969.44 0 0 0 0 0 0
4969.54 0 0 0 0 0 0
4969.64 0 0 0 0 0 0
4969.74 0 0 0 0 0 0
4969.84 0 0 0 0 0 0
4969.94 0 0 0 0 0 0
4970.04 0 0 0 0 0 0
4970.14 0 0 0 0 0 0
4970.24 0 0 0 0 0 0
4970.34 0 0 0 0 0 0
4970.44 0 0 0 0 0 0
4970.54 0 0 0 0 0 0
4970.64 0 0 0 0 0 0
4970.74 0 0 0 0 0 0
4970.84 0 0 0 0 0 0
4970.94 0 0 0 0 0 0
4971.04 0 0 0 0 0 0
4971.14 0 0 0 0 0 0
4971.24 0 0 0 0 0 0
4971.34 0 0 0 0 0 0
4971.44 0 0 0 0 0 0
4971.54 0 0 0 0 0 0
4971.64 0 0 0 0 0 0
4971.74 0 0 0 0 0 0
4971.84 0 0 0 0 0 0
4971.94 0 0 0 0 0 0
4972.04 0 0 0 0 0 0
4972.14 0 0 0 0 0 0
4972.24 0 0 0 0 0 0
4972.34 0 0 0 0 0 0
4972.44 0 0 0 0 0 0
4972.54 0 0 0 0 0 0
4972.64 0 0 0 0 0 0
4972.74 0 0 0 0 0 0
4972.84 0 0 0 0 0 0
4972.94 0 0 0 0 0 0
4973.04 0 0 0 0 0 0
4973.14 0 0 0 0 0 0
4973.24 0 0 0 0 0 0
4973.34 0 0 0 0 0 0
4973.44 0 0 0 0 0 0
4973.54 0 0 0 0 0 0
4973.64 0 0 0 0 0 0
4973.74 0 0 0 0 0 0
4973.84 0 0 0 0 0 0
4973.94 0 0 0 0 0 0
4974.04 0 0 0 0 0 0
4974.14 0 0 0 0 0 0
4974.24 0 0 0 0 0 0
4974.34 0 0 0 0 0 0
4974.44 0 0 0 0 0 0
4974.54 0 0 0 0 0 0
4974.64 0 0 0 0 0 0
4974.74 0 0 0 0 0 0
4974.84 0 0 0 0 0 0
4974.94 0 0 0 0 0 0
4975.04 0 0 0 0 0 0
4975.14 0 0 0 0 0 0
4975.24 0 0 0 0 0 0
4975.34 0 0 0 0 0 0
4975.44 0 0 0 0 0 0
4975.54 0 0 0 0 0 0
4975.64 0 0 0 0 0 0
4975.74 0 0 0 0 0 0
4975.84 0 0 0 0 0 0
4975.94 0 0 0 0 0 0
4976.04 0 0 0 0 0 0
4976.14 0 0 0 0 0 0
4976.24 0 0 0 0 0 0
4976.34 0 0 0 0 0 0
4976.44 0 0 0 0 0 0
4976.54 0 0 0 0 0 0
4976.64 0 0 0 0 0 0
4976.74 0 0 0 0 0 0
4976.84 0 0 0 0 0 0
4976.94 0 0 0 0 0 0
4977.04 0 0 0 0 0 0
4977.14 0 0 0 0 0 0
4977.24 0 0 0 0 0 0
4977.34 0 0 0 0 0 0
4977.44 0 0 0 0 0 0
4977.54 0 0 0 0 0 0
4977.64 0 0 0 0 0 0
4977.74 0 0 0 0 0 0
4977.84 0 0 0 0 0 0
4977.94 0 0 0 0 0 0
4978.04 0 0 0 0 0 0
4978.14 0 0 0 0 0 0
4978.24 0 0 0 0 0 0
4978.34 0 0 0 0 0 0
4978.44 0 0 0 0 0 0
4978.54 0 0 0 0 0 0
4978.64 0 0 0 0 0 0
4978.74 0 0 0 0 0 0
4978.84 0 0 0 0 0 0
4978.94 0 0 0 0 0 0
4979.04 0 0 0 0 0 0
4979.14 0 0 0 0 0 0
4979.24 0 0 0 0 0 0
4979.34 0 0 0 0 0 0
4979.44 0 0 0 0 0 0
4979.54 0 0 0 0 0 0
4979.64 0 0 0 0 0 0
4979.74 0 0 0 0 0 0
4979.84 0 0 0 0 0 0
4979.94 0 0 0 0 0 0
4980.04 0 0 0 0 0 0
4980.14 0 0 0 0 0 0
4980.24 0 0 0 0 0 0
4980.34 0 0 0 0 0 0
4980.44 0 0 0 0 0 0
4980.54 0 0 0 0 0 0
4980.64 0 0 0 0 0 0
4980.74 0 0 0 0 0 0
4980.84 0 0 0 0 0 0
4980.94 0 0 0 0 0 0
4981.04 0 0 0 0 0 0
4981.14 0 0 0 0 0 0
4981.24 0 0 0 0 0 0
4981.34 0 0 0 0 0 0
4981.44 0 0 0 0 0 0
4981.54 0 0 0 0 0 0
4981.64 0 0 0 0 0 0
4981.74 0 0 0 0 0 0
4981.84 0 0 0 0 0 0
4981.94 0 0 0 0 0 0
4982.04 0 0 0 0 0 0
4982.14 0 0 0 0 0 0
4982.24 0 0 0 0 0 0
4982.34 0 0 0 0 0 0
4982.44 0 0 0 0 0 0
4982.54 0 0 0 0 0 0
4982.64 0 0 0 0 0 0
4982.74 0 0 0 0 0 0
4982.84 0 0 0 0 0 0
4982.94 0 0 0 0 0 0
4983.04 0 0 0 0 0 0
4983.14 0 0 0 0 0 0
4983.24 0 0 0 0 0 0
4983.34 0 0 0 0 0 0
4983.44 0 0 0 0 0 0
4983.54 0 0 0 0 0 0
4983.64 0 0 0 0 0 0
4983.74 0 0 0 0 0 0
4983.84 0 0 0 0 0 0
4983.94 0 0 0 0 0 0
4984.04 0 0 0 0 0 0
4984.14 0 0 0 0 0 0
4984.24 0 0 0 0 0 0
4984.34 0 0 0 0 0 0
4984.44 0 0 0 0 0 0
4984.54 0 0 0 0 0 0
4984.64 0 0 0 0 0 0
4984.74 0 0 0 0 0 0
4984.84 0 0 0 0 0 0
4984.94 0 0 0 0 0 0
4985.04 0 0 0 0 0 0
4985.14 0 0 0 0 0 0
4985.24 0 0 0 0 0 0
4985.34 0 0 0 0 0 0
4985.44 0 0 0 0 0 0
4985.54 0 0 0 0 0 0
4985.64 0 0 0 0 0 0
4985.74 0 0 0 0 0 0
4985.84 0 0 0 0 0 0
4985.94 0 0 0 0 0 0
4986.04 0 0 0 0 0 0
4986.14 0 0 0 0 0 0
4986.24 0 0 0 0 0 0
4986.34 0 0 0 0 0 0
4986.44 0 0 0 0 0 0
4986.54 0 0 0 0 0 0
4986.64 0 0 0 0 0 0
4986.74 0 0 0 0 0 0
4986.84 0 0 0 0 0 0
4986.94 0 0 0 0 0 0
4987.04 0 0 0 0 0 0
4987.14 0 0 0 0 0 0
4987.24 0 0 0 0 0 0
4987.34 0 0 0 0 0 0
4987.44 0 0 0 0 0 0
4987.54 0 0 0 0 0 0
4987.64 0 0 0 0 0 0
4987.74 0 0 0 0 0 0
4987.84 0 0 0 0 0 0
4987.94 0 0 0 0 0 0
4988.04 0 0 0 0 0 0
4988.14 0 0 0 0 0 0
4988.24 0 0 0 0 0 0
4988.34 0 0 0 0 0 0
4988.44 0 0 0 0 0 0
4988.54 0 0 0 0 0 0
4988.64 0 0 0 0 0 0
4988.74 0 0 0 0 0 0
4988.84 0 0 0 0 0 0
4988.94 0 0 0 0 0 0
4989.04 0 0 0 0 0 0
4989.14 0 0 0 0 0 0
4989.24 0 0 0 0 0 0
4989.34 0 0 0 0 0 0
4989.44 0 0 0 0 0 0
4989.54 0 0 0 0 0 0
4989.64 0 0 0 0 0 0
4989.74 0 0 0 0 0 0
4989.84 0 0 0 0 0 0
4989.94 0 0 0 0 0 0
4990.04 0 0 0 0 0 0
4990.14 0 0 0 0 0 0
4990.24 0 0 0 0 0 0
4990.34 0 0 0 0 0 0
4990.44 0 0 0 0 0 0
4990.54 0 0 0 0 0 0
4990.64 0 0 0 0 0 0
4990.74 0 0 0 0 0 0
4990.84 0 0 0 0 0 0
4990.94 0 0 0 0 0 0
4991.04 0 0 0 0 0 0
4991.14 0 0 0 0 0 0
4991.24 0 0 0 0 0 0
4991.34 0 0 0 0 0 0
4991.44 0 0 0 0 0 0
4991.54 0 0 0 0 0 0
4991.64 0 0 0 0 0 0
4991.74 0 0 0 0 0 0
4991.84 0 0 0 0 0 0
4991.94 0 0 0 0 0 0
4992.04 0 0 0 0 0 0
4992.14 0 0 0 0 0 0
4992.24 0 0 0 0 0 0
4992.34 0 0 0 0 0 0
4992.44 0 0 0 0 0 0
4992.54 0 0 0 0 0 0
4992.64 0 0 0 0 0 0
4992.74 0 0 0 0 0 0
4992.84 0 0 0 0 0 0
4992.94 0 0 0 0 0 0
4993.04 0 0 0 0 0 0
4993.14 0 0 0 0 0 0
4993.24 0 0 0 0 0 0
4993.34 0 0 0 0 0 0
4993.44 0 0 0 0 0 0
4993.54 0 0 0 0 0 0
4993.64 0 0 0 0 0 0
4993.74 0 0 0 0 0 0
4993.84 0 0 0 0 0 0
4993.94 0 0 0 0 0 0
4994.04 0 0 0 0 0 0
4994.14 0 0 0 0 0 0
4994.24 0 0 0 0 0 0
4994.34 0 0 0 0 0 0
4994.44 0 0 0 0 0 0
4994.54 0 0 0 0 0 0
4994.64 0 0 0 0 0 0
4994.74 0 0 0 0 0 0
4994.84 0 0 0 0 0 0
4994.94 0 0 0 0 0 0
4995.04 0 0 0 0 0 0
4995.14 0 0 0 0 0 0
4995.24 0 0 0 0 0 0
4995.34 0 0 0 0 0 0
4995.44 0 0 0 0 0 0
4995.54 0 0 0 0 0 0
4995.64 0 0 0 0 0 0
4995.74 0 0 0 0 0 0
4995.84 0 0 0 0 0 0
4995.94 0 0 0 0 0 0
4996.04 0 0 0 0 0 0
4996.14 0 0 0 0 0 0
4996.24 0 0 0 0 0 0
4996.34 0 0 0 0 0 0
4996.44 0 0 0 0 0 0
4996.54 0 0 0 0 0 0
4996.64 0 0 0 0 0 0
4996.74 0 0 0 0 0 0
4996.84 0 0 0 0 0 0
4996.94 0 0 0 0 0 0
4997.04 0 0 0 0 0 0
4997.14 0 0 0 0 0 0
4997.24 0 0 0 0 0 0
4997.34 0 0 0 0 0 0
4997.44 0 0 0 0 0 0
4997.54 0 0 0 0 0 0
4997.64 0 0 0 0 0 0
4997.74 0 0 0 0 0 0
4997.84 0 0 0 0 0 0
4997.94 0 0 0 0 0 0
4998.04 0 0 0 0 0 0
4998.14 0 0 0 0 0 0
4998.24 0 0 0 0 0 0
4998.34 0 0 0 0 0 0
4998.44 0 0 0 0 0 0
4998.54 0 0 0 0 0 0
4998.64 0 0 0 0 0 0
4998.74 0 0 0 0 0 0
4998.84 0 0 0 0 0 0
4998.94 0 0 0 0 0 0
4999.04 0 0 0 0 0 0
4999.14 0 0 0 0 0 0
4999.24 0 0 0 0 0 0
4999.34 0 0 0 0 0 0
4999.44 0 0 0 0 0 0
4999.54 0 0 0 0 0 0
4999.64 0 0 0 0 0 0
4999.74 0 0 0 0 0 0
4999.84 0 0 0 0 0 0
4999.94 0 0 0 0 0 0
5000.04 0 0 0 0 0 0
5000.14 0 0 0 0 0 0
5000.24 0 0 0 0 0 0
5000.34 0 0 0 0 0 0
5000.44 0 0 0 0 0 0
5000.54 0 0 0 0 0 0
5000.64 0 0 0 0 0 0
5000.74 0 0 0 0 0 0
5000.84 0 0 0 0 0 0
5000.94 0 0 0 0 0 0
5001.04 0 0 0 0 0 0
5001.14 0 0 0 0 0 0
5001.24 0 0 0 0 0 0
5001.34 0 0 0 0 0 0
5001.44 0 0 0 0 0 0
5001.54 0 0 0 0 0 0
5001.64 0 0 0 0 0 0
5001.74 0 0 0 0 0 0
5001.84 0 0 0 0 0 0
5001.94 0 0 0 0 0 0
5002.04 0 0 0 0 0 0
5002.14 0 0 0 0 0 0
5002.24 0 0 0 0 0 0
5002.34 0 0 0 0 0 0
5002.44 0 0 0 0 0 0
5002.54 0 0 0 0 0 0
5002.64 0 0 0 0 0 0
5002.74 0 0 0 0 0 0
5002.84 0 0 0 0 0 0
5002.94 0 0 0 0 0 0
5003.04 0 0 0 0 0 0
5003.14 0 0 0 0 0 0
5003.24 0 0 0 0 0 0
5003.34 0 0 0 0 0 0
5003.44 0 0 0 0 0 0
5003.54 0 0 0 0 0 0
5003.64 0 0 0 0 0 0
5003.74 0 0 0 0 0 0
5003.84 0 0 0 0 0 0
5003.94 0 0 0 0 0 0
5004.04 0 0 0 0 0 0
5004.14 0 0 0 0 0 0
5004.24 0 0 0 0 0 0
5004.34 0 0 0 0 0 0
5004.44 0 0 0 0 0 0
5004.54 0 0 0 0 0 0
5004.64 0 0 0 0 0 0
5004.74 0 0 0 0 0 0
5004.84 0 0 0 0 0 0
5004.94 0 0 0 0 0 0
5005.04 0 0 0 0 0 0
5005.14 0 0 0 0 0 0
5005.24 0 0 0 0 0 0
5005.34 0 0 0 0 0 0
5005.44 0 0 0 0 0 0
5005.54 0 0 0 0 0 0
5005.64 0 0 0 0 0 0
5005.74 0 0 0 0 0 0
5005.84 0 0 0 0 0 0
5005.94 0 0 0 0 0 0
5006.04 0 0 0 0 0 0
5006.14 0 0 0 0 0 0
5006.24 0 0 0 0 0 0
5006.34 0 0 0 0 0 0
5006.44 0 0 0 0 0 0
5006.54 0 0 0 0 0 0
5006.64 0 0 0 0 0 0
5006.74 0 0 0 0 0 0
5006.84 0 0 0 0 0 0
5006.94 0 0 0 0 0 0
5007.04 0 0 0 0 0 0
5007.14 0 0 0 0 0 0
5007.24 0 0 0 0 0 0
5007.34 0 0 0 0 0 0
5007.44 0 0 0 0 0 0
5007.54 0 0 0 0 0 0
5007.64 0 0 0 0 0 0
5007.74 0 0 0 0 0 0
5007.84 0 0 0 0 0 0
5007.94 0 0 0 0 0 0
5008.04 0 0 0 0 0 0
5008.14 0 0 0 0 0 0
5008.24 0 0 0 0 0 0
5008.34 0 0 0 0 0 0
5008.44 0 0 0 0 0 0
5008.54 0 0 0 0 0 0
5008.64 0 0 0 0 0 0
5008.74 0 0 0 0 0 0
5008.84 0 0 0 0 0 0
5008.94 0 0 0 0 0 0
5009.04 0 0 0 0 0 0
5009.14 0 0 0 0 0 0
5009.24 0 0 0 0 0 0
5009.34 0 0 0 0 0 0
5009.44 0 0 0 0 0 0
5009.54 0 0 0 0 0 0
5009.64 0 0 0 0 0 0
5009.74 0 0 0 0 0 0
5009.84 0 0 0 0 0 0
5009.94 0 0 0 0 0 0
5010.04 0 0 0 0 0 0
5010.14 0 0 0 0 0 0
5010.24 0 0 0 0 0 0
5010.34 0 0 0 0 0 0
5010.44 0 0 0 0 0 0
5010.54 0 0 0 0 0 0
5010.64 0 0 0 0 0 0
5010.74 0 0 0 0 0 0
5010.84 0 0 0 0 0 0
5010.94 0 0 0 0 0 0
5011.04 0 0 0 0 0 0
5011.14 0 0 0 0 0 0
5011.24 0 0 0 0 0 0
5011.34 0 0 0 0 0 0
5011.44 0 0 0 0 0 0
5011.54 0 0 0 0 0 0
5011.64 0 0 0 0 0 0
5011.74 0 0 0 0 0 0
5011.84 0 0 0 0 0 0
5011.94 0 0 0 0 0 0
5012.04 0 0 0 0 0 0
5012.14 0 0 0 0 0 0
5012.24 0 0 0 0 0 0
5012.34 0 0 0 0 0 0
5012.44 0 0 0 0 0 0
5012.54 0 0 0 0 0 0
5012.64 0 0 0 0 0 0
5012.74 0 0 0 0 0 0
5012.84 0 0 0 0 0 0
5012.94 0 0 0 0 0 0
5013.04 0 0 0 0 0 0
5013.14 0 0 0 0 0 0
5013.24 0 0 0 0 0 0
5013.34 0 0 0 0 0 0
5013.44 0 0 0 0 0 0
5013.54 0 0 0 0 0 0
5013.64 0 0 0 0 0 0
5013.74 0 0 0 0 0 0
5013.84 0 0 0 0 0 0
5013.94 0 0 0 0 0 0
5014.04 0 0 0 0 0 0
5014.14 0 0 0 0 0 0
5014.24 0 0 0 0 0 0
5014.34 0 0 0 0 0 0
5014.44 0 0 0 0 0 0
5014.54 0 0 0 0 0 0
5014.64 0 0 0 0 0 0
5014.74 0 0 0 0 0 0
5014.84 0 0 0 0 0 0
5014.94 0 0 0 0 0 0
5015.04 0 0 0 0 0 0
5015.14 0 0 0 0 0 0
5015.24 0 0 0 0 0 0
5015.34 0 0 0 0 0 0
5015.44 0 0 0 0 0 0
5015.54 0 0 0 0 0 0
5015.64 0 0 0 0 0 0
5015.74 0 0 0 0 0 0
5015.84 0 0 0 0 0 0
5015.94 0 0 0 0 0 0
5016.04 0 0 0 0 0 0
5016.14 0 0 0 0 0 0
5016.24 0 0 0 0 0 0
5016.34 0 0 0 0 0 0
5016.44 0 0 0 0 0 0
5016.54 0 0 0 0 0 0
5016.64 0 0 0 0 0 0
5016.74 0 0 0 0 0 0
5016.84 0 0 0 0 0 0
5016.94 0 0 0 0 0 0
5017.04 0 0 0 0 0 0
5017.14 0 0 0 0 0 0
5017.24 0 0 0 0 0 0
5017.34 0 0 0 0 0 0
5017.44 0 0 0 0 0 0
5017.54 0 0 0 0 0 0
5017.64 0 0 0 0 0 0
5017.74 0 0 0 0 0 0
5017.84 0 0 0 0 0 0
5017.94 0 0 0 0 0 0
5018.04 0 0 0 0 0 0
5018.14 0 0 0 0 0 0
5018.24 0 0 0 0 0 0
5018.34 0 0 0 0 0 0
5018.44 0 0 0 0 0 0
5018.54 0 0 0 0 0 0
5018.64 0 0 0 0 0 0
5018.74 0 0 0 0 0 0
5018.84 0 0 0 0 0 0
5018.94 0 0 0 0 0 0
5019.04 0 0 0 0 0 0
5019.14 0 0 0 0 0 0
5019.24 0 0 0 0 0 0
5019.34 0 0 0 0 0 0
5019.44 0 0 0 0 0 0
5019.54 0 0 0 0 0 0
5019.64 0 0 0 0 0 0
5019.74 0 0 0 0 0 0
5019.84 0 0 0 0 0 0
5019.94 0 0 0 0 0 0
5020.04 0 0 0 0 0 0
5020.14 0 0 0 0 0 0
5020.24 0 0 0 0 0 0
5020.34 0 0 0 0 0 0
5020.44 0 0 0 0 0 0
5020.54 0 0 0 0 0 0
5020.64 0 0 0 0 0 0
5020.74 0 0 0 0 0 0
5020.84 0 0 0 0 0 0
5020.94 0 0 0 0 0 0
5021.04 0 0 0 0 0 0
5021.14 0 0 0 0 0 0
5021.24 0 0 0 0 0 0
5021.34 0 0 0 0 0 0
5021.44 0 0 0 0 0 0
5021.54 0 0 0 0 0 0
5021.64 0 0 0 0 0 0
5021.74 0 0 0 0 0 0
5021.84 0 0 0 0 0 0
5021.94 0 0 0 0 0 0
5022.04 0 0 0 0 0 0
5022.14 0 0 0 0 0 0
5022.24 0 0 0 0 0 0
5022.34 0 0 0 0 0 0
5022.44 0 0 0 0 0 0
5022.54 0 0 0 0 0 0
5022.64 0 0 0 0 0 0
5022.74 0 0 0 0 0 0
5022.84 0 0 0 0 0 0
5022.94 0 0 0 0 0 0
5023.04 0 0 0 0 0 0
5023.14 0 0 0 0 0 0
5023.24 0 0 0 0 0 0
5023.34 0 0 0 0 0 0
5023.44 0 0 0 0 0 0
5023.54 0 0 0 0 0 0
5023.64 0 0 0 0 0 0
5023.74 0 0 0 0 0 0
5023.84 0 0 0 0 0 0
5023.94 0 0 0 0 0 0
5024.04 0 0 0 0 0 0
5024.14 0 0 0 0 0 0
5024.24 0 0 0 0 0 0
5024.34 0 0 0 0 0 0
5024.44 0 0 0 0 0 0
5024.54 0 0 0 0 0 0
5024.64 0 0 0 0 0 0
5024.74 0 0 0 0 0 0
5024.84 0 0 0 0 0 0
5024.94 0 0 0 0 0 0
5025.04 0 0 0 0 0 0
5025.14 0 0 0 0 0 0
5025.24 0 0 0 0 0 0
5025.34 0 0 0 0 0 0
5025.44 0 0 0 0 0 0
5025.54 0 0 0 0 0 0
5025.64 0 0 0 0 0 0
5025.74 0 0 0 0 0 0
5025.84 0 0 0 0 0 0
5025.94 0 0 0 0 0 0
5026.04 0 0 0 0 0 0
5026.14 0 0 0 0 0 0
5026.24 0 0 0 0 0 0
5026.34 0 0 0 0 0 0
5026.44 0 0 0 0 0 0
5026.54 0 0 0 0 0 0
5026.64 0 0 0 0 0 0
5026.74 0 0 0 0 0 0
5026.84 0 0 0 0 0 0
5026.94 0 0 0 0 0 0
5027.04 0 0 0 0 0 0
5027.14 0 0 0 0 0 0
5027.24 0 0 0 0 0 0
5027.34 0 0 0 0 0 0
5027.44 0 0 0 0 0 0
5027.54 0 0 0 0 0 0
5027.64 0 0 0 0 0 0
5027.74 0 0 0 0 0 0
5027.84 0 0 0 0 0 0
5027.94 0 0 0 0 0 0
5028.04 0 0 0 0 0 0
5028.14 0 0 0 0 0 0
5028.24 0 0 0 0 0 0
5028.34 0 0 0 0 0 0
5028.44 0 0 0 0 0 0
5028.54 0 0 0 0 0 0
5028.64 0 0 0 0 0 0
5028.74 0 0 0 0 0 0
5028.84 0 0 0 0 0 0
5028.94 0 0 0 0 0 0
5029.04 0 0 0 0 0 0
5029.14 0 0 0 0 0 0
5029.24 0 0 0 0 0 0
5029.34 0 0 0 0 0 0
5029.44 0 0 0 0 0 0
5029.54 0 0 0 0 0 0
5029.64 0 0 0 0 0 0
5029.74 0 0 0 0 0 0
5029.84 0 0 0 0 0 0
5029.94 0 0 0 0 0 0
5030.04 0 0 0 0 0 0
5030.14 0 0 0 0 0 0
5030.24 0 0 0 0 0 0
5030.34 0 0 0 0 0 0
5030.44 0 0 0 0 0 0
5030.54 0 0 0 0 0 0
5030.64 0 0 0 0 0 0
5030.74 0 0 0 0 0 0
5030.84 0 0 0 0 0 0
5030.94 0 0 0 0 0 0
5031.04 0 0 0 0 0 0
5031.14 0 0 0 0 0 0
5031.24 0 0 0 0 0 0
5031.34 0 0 0 0 0 0
5031.44 0 0 0 0 0 0
5031.54 0 0 0 0 0 0
5031.64 0 0 0 0 0 0
5031.74 0 0 0 0 0 0
5031.84 0 0 0 0 0 0
5031.94 0 0 0 0 0 0
5032.04 0 0 0 0 0 0
5032.14 0 0 0 0 0 0
5032.24 0 0 0 0 0 0
5032.34 0 0 0 0 0 0
5032.44 0 0 0 0 0 0
5032.54 0 0 0 0 0 0
5032.64 0 0 0 0 0 0
5032.74 0 0 0 0 0 0
5032.84 0 0 0 0 0 0
5032.94 0 0 0 0 0 0
5033.04 0 0 0 0 0 0
5033.14 0 0 0 0 0 0
5033.24 0 0 0 0 0 0
5033.34 0 0 0 0 0 0
5033.44 0 0 0 0 0 0
5033.54 0 0 0 0 0 0
5033.64 0 0 0 0 0 0
5033.74 0 0 0 0 0 0
5033.84 0 0 0 0 0 0
5033.94 0 0 0 0 0 0
5034.04 0 0 0 0 0 0
5034.14 0 0 0 0 0 0
5034.24 0 0 0 0 0 0
5034.34 0 0 0 0 0 0
5034.44 0 0 0 0 0 0
5034.54 0 0 0 0 0 0
5034.64 0 0 0 0 0 0
5034.74 0 0 0 0 0 0
5034.84 0 0 0 0 0 0
5034.94 0 0 0 0 0 0
5035.04 0 0 0 0 0 0
5035.14 0 0 0 0 0 0
5035.24 0 0 0 0 0 0
5035.34 0 0 0 0 0 0
5035.44 0 0 0 0 0 0
5035.54 0 0 0 0 0 0
5035.64 0 0 0 0 0 0
5035.74 0 0 0 0 0 0
5035.84 0 0 0 0 0 0
5035.94 0 0 0 0 0 0
5036.04 0 0 0 0 0 0
5036.14 0 0 0 0 0 0
5036.24 0 0 0 0 0 0
5036.34 0 0 0 0 0 0
5036.44 0 0 0 0 0 0
5036.54 0 0 0 0 0 0
5036.64 0 0 0 0 0 0
5036.74 0 0 0 0 0 0
5036.84 0 0 0 0 0 0
5036.94 0 0 0 0 0 0
5037.04 0 0 0 0 0 0
5037.14 0 0 0 0 0 0
5037.24 0 0 0 0 0 0
5037.34 0 0 0 0 0 0
5037.44 0 0 0 0 0 0
5037.54 0 0 0 0 0 0
5037.64 0 0 0 0 0 0
5037.74 0 0 0 0 0 0
5037.84 0 0 0 0 0 0
5037.94 0 0 0 0 0 0
5038.04 0 0 0 0 0 0
5038.14 0 0 0 0 0 0
5038.24 0 0 0 0 0 0
5038.34 0 0 0 0 0 0
5038.44 0 0 0 0 0 0
5038.54 0 0 0 0 0 0
5038.64 0 0 0 0 0 0
5038.74 0 0 0 0 0 0
5038.84 0 0 0 0 0 0
5038.94 0 0 0 0 0 0
5039.04 0 0 0 0 0 0
5039.14 0 0 0 0 0 0
5039.24 0 0 0 0 0 0
5039.34 0 0 0 0 0 0
5039.44 0 0 0 0 0 0
5039.54 0 0 0 0 0 0
5039.64 0 0 0 0 0 0
5039.74 0 0 0 0 0 0
5039.84 0 0 0 0 0 0
5039.94 0 0 0 0 0 0
5040.04 0 0 0 0 0 0
5040.14 0 0 0 0 0 0
5040.24 0 0 0 0 0 0
5040.34 0 0 0 0 0 0
5040.44 0 0 0 0 0 0
5040.54 0 0 0 0 0 0
5040.64 0 0 0 0 0 0
5040.74 0 0 0 0 0 0
5040.84 0 0 0 0 0 0
5040.94 0 0 0 0 0 0
5041.04 0 0 0 0 0 0
5041.14 0 0 0 0 0 0
5041.24 0 0 0 0 0 0
5041.34 0 0 0 0 0 0
5041.44 0 0 0 0 0 0
5041.54 0 0 0 0 0 0
5041.64 0 0 0 0 0 0
5041.74 0 0 0 0 0 0
5041.84 0 0 0 0 0 0
5041.94 0 0 0 0 0 0
5042.04 0 0 0 0 0 0
5042.14 0 0 0 0 0 0
5042.24 0 0 0 0 0 0
5042.34 0 0 0 0 0 0
5042.44 0 0 0 0 0 0
5042.54 0 0 0 0 0 0
5042.64 0 0 0 0 0 0
5042.74 0 0 0 0 0 0
5042.84 0 0 0 0 0 0
5042.94 0 0 0 0 0 0
5043.04 0 0 0 0 0 0
5043.14 0 0 0 0 0 0
5043.24 0 0 0 0 0 0
5043.34 0 0 0 0 0 0
5043.44 0 0 0 0 0 0
5043.54 0 0 0 0 0 0
5043.64 0 0 0 0 0 0
5043.74 0 0 0 0 0 0
5043.84 0 0 0 0 0 0
5043.94 0 0 0 0 0 0
5044.04 0 0 0 0 0 0
5044.14 0 0 0 0 0 0
5044.24 0 0 0 0 0 0
5044.34 0 0 0 0 0 0
5044.44 0 0 0 0 0 0
5044.54 0 0 0 0 0 0
5044.64 0 0 0 0 0 0
5044.74 0 0 0 0 0 0
5044.84 0 0 0 0 0 0
5044.94 0 0 0 0 0 0
5045.04 0 0 0 0 0 0
5045.14 0 0 0 0 0 0
5045.24 0 0 0 0 0 0
5045.34 0 0 0 0 0 0
5045.44 0 0 0 0 0 0
5045.54 0 0 0 0 0 0
5045.64 0 0 0 0 0 0
5045.74 0 0 0 0 0 0
5045.84 0 0 0 0 0 0
5045.94 0 0 0 0 0 0
5046.04 0 0 0 0 0 0
5046.14 0 0 0 0 0 0
5046.24 0 0 0 0 0 0
5046.34 0 0 0 0 0 0
5046.44 0 0 0 0 0 0
5046.54 0 0 0 0 0 0
5046.64 0 0 0 0 0 0
5046.74 0 0 0 0 0 0
5046.84 0 0 0 0 0 0
5046.94 0 0 0 0 0 0
5047.04 0 0 0 0 0 0
5047.14 0 0 0 0 0 0
5047.24 0 0 0 0 0 0
5047.34 0 0 0 0 0 0
5047.44 0 0 0 0 0 0
5047.54 0 0 0 0 0 0
5047.64 0 0 0 0 0 0
5047.74 0 0 0 0 0 0
5047.84 0 0 0 0 0 0
5047.94 0 0 0 0 0 0
5048.04 0 0 0 0 0 0
5048.14 0 0 0 0 0 0
5048.24 0 0 0 0 0 0
5048.34 0 0 0 0 0 0
5048.44 0 0 0 0 0 0
5048.54 0 0 0 0 0 0
5048.64 0 0 0 0 0 0
5048.74 0 0 0 0 0 0
5048.84 0 0 0 0 0 0
5048.94 0 0 0 0 0 0
5049.04 0 0 0 0 0 0
5049.14 0 0 0 0 0 0
5049.24 0 0 0 0 0 0
5049.34 0 0 0 0 0 0
5049.44 0 0 0 0 0 0
5049.54 0 0 0 0 0 0
5049.64 0 0 0 0 0 0
5049.74 0 0 0 0 0 0
5049.84 0 0 0 0 0 0
5049.94 0 0 0 0 0 0
5050.04 0 0 0 0 0 0
5050.14 0 0 0 0 0 0
5050.24 0 0 0 0 0 0
5050.34 0 0 0 0 0 0
5050.44 0 0 0 0 0 0
5050.54 0 0 0 0 0 0
5050.64 0 0 0 0 0 0
5050.74 0 0 0 0 0 0
5050.84 0 0 0 0 0 0
5050.94 0 0 0 0 0 0
5051.04 0 0 0 0 0 0
5051.14 0 0 0 0 0 0
5051.24 0 0 0 0 0 0
5051.34 0 0 0 0 0 0
5051.44 0 0 0 0 0 0
5051.54 0 0 0 0 0 0
5051.64 0 0 0 0 0 0
5051.74 0 0 0 0 0 0
5051.84 0 0 0 0 0 0
5051.94 0 0 0 0 0 0
5052.04 0 0 0 0 0 0
5052.14 0 0 0 0 0 0
5052.24 0 0 0 0 0 0
5052.34 0 0 0 0 0 0
5052.44 0 0 0 0 0 0
5052.54 0 0 0 0 0 0
5052.64 0 0 0 0 0 0
5052.74 0 0 0 0 0 0
5052.84 0 0 0 0 0 0
5052.94 0 0 0 0 0 0
5053.04 0 0 0 0 0 0
5053.14 0 0 0 0 0 0
5053.24 0 0 0 0 0 0
5053.34 0 0 0 0 0 0
5053.44 0 0 0 0 0 0
5053.54 0 0 0 0 0 0
5053.64 0 0 0 0 0 0
5053.74 0 0 0 0 0 0
5053.84 0 0 0 0 0 0
5053.94 0 0 0 0 0 0
5054.04 0 0 0 0 0 0
5054.14 0 0 0 0 0 0
5054.24 0 0 0 0 0 0
5054.34 0 0 0 0 0 0
5054.44 0 0 0 0 0 0
5054.54 0 0 0 0 0 0
5054.64 0 0 0 0 0 0
5054.74 0 0 0 0 0 0
5054.84 0 0 0 0 0 0
5054.94 0 0 0 0 0 0
5055.04 0 0 0 0 0 0
5055.14 0 0 0 0 0 0
5055.24 0 0 0 0 0 0
5055.34 0 0 0 0 0 0
5055.44 0 0 0 0 0 0
5055.54 0 0 0 0 0 0
5055.64 0 0 0 0 0 0
5055.74 0 0 0 0 0 0
5055.84 0 0 0 0 0 0
5055.94 0 0 0 0 0 0
5056.04 0 0 0 0 0 0
5056.14 0 0 0 0 0 0
5056.24 0 0 0 0 0 0
5056.34 0 0 0 0 0 0
5056.44 0 0 0 0 0 0
5056.54 0 0 0 0 0 0
5056.64 0 0 0 0 0 0
5056.74 0 0 0 0 0 0
5056.84 0 0 0 0 0 0
5056.94 0 0 0 0 0 0
5057.04 0 0 0 0 0 0
5057.14 0 0 0 0 0 0
5057.24 0 0 0 0 0 0
5057.34 0 0 0 0 0 0
5057.44 0 0 0 0 0 0
5057.54 0 0 0 0 0 0
5057.64 0 0 0 0 0 0
5057.74 0 0 0 0 0 0
5057.84 0 0 0 0 0 0
5057.94 0 0 0 0 0 0
5058.04 0 0 0 0 0 0
5058.14 0 0 0 0 0 0
5058.24 0 0 0 0 0 0
5058.34 0 0 0 0 0 0
5058.44 0 0 0 0 0 0
5058.54 0 0 0 0 0 0
5058.64 0 0 0 0 0 0
5058.74 0 0 0 0 0 0
5058.84 0 0 0 0 0 0
5058.94 0 0 0 0 0 0
5059.04 0 0 0 0 0 0
5059.14 0 0 0 0 0 0
5059.24 0 0 0 0 0 0
5059.34 0 0 0 0 0 0
5059.44 0 0 0 0 0 0
5059.54 0 0 0 0 0 0
5059.64 0 0 0 0 0 0
5059.74 0 0 0 0 0 0
5059.84 0 0 0 0 0 0
5059.94 0 0 0 0 0 0
5060.04 0 0 0 0 0 0
5060.14 0 0 0 0 0 0
5060.24 0 0 0 0 0 0
5060.34 0 0 0 0 0 0
5060.44 0 0 0 0 0 0
5060.54 0 0 0 0 0 0
5060.64 0 0 0 0 0 0
5060.74 0 0 0 0 0 0
5060.84 0 0 0 0 0 0
5060.94 0 0 0 0 0 0
5061.04 0 0 0 0 0 0
5061.14 0 0 0 0 0 0
5061.24 0 0 0 0 0 0
5061.34 0 0 0 0 0 0
5061.44 0 0 0 0 0 0
5061.54 0 0 0 0 0 0
5061.64 0 0 0 0 0 0
5061.74 0 0 0 0 0 0
5061.84 0 0 0 0 0 0
5061.94 0 0 0 0 0 0
5062.04 0 0 0 0 0 0
5062.14 0 0 0 0 0 0
5062.24 0 0 0 0 0 0
5062.34 0 0 0 0 0 0
5062.44 0 0 0 0 0 0
5062.54 0 0 0 0 0 0
5062.64 0 0 0 0 0 0
5062.74 0 0 0 0 0 0
5062.84 0 0 0 0 0 0
5062.94 0 0 0 0 0 0
5063.04 0 0 0 0 0 0
5063.14 0 0 0 0 0 0
5063.24 0 0 0 0 0 0
5063.34 0 0 0 0 0 0
5063.44 0 0 0 0 0 0
5063.54 0 0 0 0 0 0
5063.64 0 0 0 0 0 0
5063.74 0 0 0 0 0 0
5063.84 0 0 0 0 0 0
5063.94 0 0 0 0 0 0
5064.04 0 0 0 0 0 0
5064.14 0 0 0 0 0 0
5064.24 0 0 0 0 0 0
5064.34 0 0 0 0 0 0
5064.44 0 0 0 0 0 0
5064.54 0 0 0 0 0 0
5064.64 0 0 0 0 0 0
5064.74 0 0 0 0 0 0
5064.84 0 0 0 0 0 0
5064.94 0 0 0 0 0 0
5065.04 0 0 0 0 0 0
5065.14 0 0 0 0 0 0
5065.24 0 0 0 0 0 0
5065.34 0 0 0 0 0 0
5065.44 0 0 0 0 0 0
5065.54 0 0 0 0 0 0
5065.64 0 0 0 0 0 0
5065.74 0 0 0 0 0 0
5065.84 0 0 0 0 0 0
5065.94 0 0 0 0 0 0
5066.04 0 0 0 0 0 0
5066.14 0 0 0 0 0 0
5066.24 0 0 0 0 0 0
5066.34 0 0 0 0 0 0
5066.44 0 0 0 0 0 0
5066.54 0 0 0 0 0 0
5066.64 0 0 0 0 0 0
5066.74 0 0 0 0 0 0
5066.84 0 0 0 0 0 0
5066.94 0 0 0 0 0 0
5067.04 0 0 0 0 0 0
5067.14 0 0 0 0 0 0
5067.24 0 0 0 0 0 0
5067.34 0 0 0 0 0 0
5067.44 0 0 0 0 0 0
5067.54 0 0 0 0 0 0
5067.64 0 0 0 0 0 0
5067.74 0 0 0 0 0 0
5067.84 0 0 0 0 0 0
5067.94 0 0 0 0 0 0
5068.04 0 0 0 0 0 0
5068.14 0 0 0 0 0 0
5068.24 0 0 0 0 0 0
5068.34 0 0 0 0 0 0
5068.44 0 0 0 0 0 0
5068.54 0 0 0 0 0 0
5068.64 0 0 0 0 0 0
5068.74 0 0 0 0 0 0
5068.84 0 0 0 0 0 0
5068.94 0 0 0 0 0 0
5069.04 0 0 0 0 0 0
5069.14 0 0 0 0 0 0
5069.24 0 0 0 0 0 0
5069.34 0 0 0 0 0 0
5069.44 0 0 0 0 0 0
5069.54 0 0 0 0 0 0
5069.64 0 0 0 0 0 0
5069.74 0 0 0 0 0 0
5069.84 0 0 0 0 0 0
5069.94 0 0 0 0 0 0
5070.04 0 0 0 0 0 0
5070.14 0 0 0 0 0 0
5070.24 0 0 0 0 0 0
5070.34 0 0 0 0 0 0
5070.44 0 0 0 0 0 0
5070.54 0 0 0 0 0 0
5070.64 0 0 0 0 0 0
5070.74 0 0 0 0 0 0
5070.84 0 0 0 0 0 0
5070.94 0 0 0 0 0 0
5071.04 0 0 0 0 0 0
5071.14 0 0 0 0 0 0
5071.24 0 0 0 0 0 0
5071.34 0 0 0 0 0 0
5071.44 0 0 0 0 0 0
5071.54 0 0 0 0 0 0
5071.64 0 0 0 0 0 0
5071.74 0 0 0 0 0 0
5071.84 0 0 0 0 0 0
5071.94 0 0 0 0 0 0
5072.04 0 0 0 0 0 0
5072.14 0 0 0 0 0 0
5072.24 0 0 0 0 0 0
5072.34 0 0 0 0 0 0
5072.44 0 0 0 0 0 0
5072.54 0 0 0 0 0 0
5072.64 0 0 0 0 0 0
5072.74 0 0 0 0 0 0
5072.84 0 0 0 0 0 0
5072.94 0 0 0 0 0 0
5073.04 0 0 0 0 0 0
5073.14 0 0 0 0 0 0
5073.24 0 0 0 0 0 0
5073.34 0 0 0 0 0 0
5073.44 0 0 0 0 0 0
5073.54 0 0 0 0 0 0
5073.64 0 0 0 0 0 0
5073.74 0 0 0 0 0 0
5073.84 0 0 0 0 0 0
5073.94 0 0 0 0 0 0
5074.04 0 0 0 0 0 0
5074.14 0 0 0 0 0 0
5074.24 0 0 0 0 0 0
5074.34 0 0 0 0 0 0
5074.44 0 0 0 0 0 0
5074.54 0 0 0 0 0 0
5074.64 0 0 0 0 0 0
5074.74 0 0 0 0 0 0
5074.84 0 0 0 0 0 0
5074.94 0 0 0 0 0 0
5075.04 0 0 0 0 0 0
5075.14 0 0 0 0 0 0
5075.24 0 0 0 0 0 0
5075.34 0 0 0 0 0 0
5075.44 0 0 0 0 0 0
5075.54 0 0 0 0 0 0
5075.64 0 0 0 0 0 0
5075.74 0 0 0 0 0 0
5075.84 0 0 0 0 0 0
5075.94 0 0 0 0 0 0
5076.04 0 0 0 0 0 0
5076.14 0 0 0 0 0 0
5076.24 0 0 0 0 0 0
5076.34 0 0 0 0 0 0
5076.44 0 0 0 0 0 0
5076.54 0 0 0 0 0 0
5076.64 0 0 0 0 0 0
5076.74 0 0 0 0 0 0
5076.84 0 0 0 0 0 0
5076.94 0 0 0 0 0 0
5077.04 0 0 0 0 0 0
5077.14 0 0 0 0 0 0
5077.24 0 0 0 0 0 0
5077.34 0 0 0 0 0 0
5077.44 0 0 0 0 0 0
5077.54 0 0 0 0 0 0
5077.64 0 0 0 0 0 0
5077.74 0 0 0 0 0 0
5077.84 0 0 0 0 0 0
5077.94 0 0 0 0 0 0
5078.04 0 0 0 0 0 0
5078.14 0 0 0 0 0 0
5078.24 0 0 0 0 0 0
5078.34 0 0 0 0 0 0
5078.44 0 0 0 0 0 0
5078.54 0 0 0 0 0 0
5078.64 0 0 0 0 0 0
5078.74 0 0 0 0 0 0
5078.84 0 0 0 0 0 0
5078.94 0 0 0 0 0 0
5079.04 0 0 0 0 0 0
5079.14 0 0 0 0 0 0
5079.24 0 0 0 0 0 0
5079.34 0 0 0 0 0 0
5079.44 0 0 0 0 0 0
5079.54 0 0 0 0 0 0
5079.64 0 0 0 0 0 0
5079.74 0 0 0 0 0 0
5079.84 0 0 0 0 0 0
5079.94 0 0 0 0 0 0
5080.04 0 0 0 0 0 0
5080.14 0 0 0 0 0 0
5080.24 0 0 0 0 0 0
5080.34 0 0 0 0 0 0
5080.44 0 0 0 0 0 0
5080.54 0 0 0 0 0 0
5080.64 0 0 0 0 0 0
5080.74 0 0 0 0 0 0
5080.84 0 0 0 0 0 0
5080.94 0 0 0 0 0 0
5081.04 0 0 0 0 0 0
5081.14 0 0 0 0 0 0
5081.24 0 0 0 0 0 0
5081.34 0 0 0 0 0 0
5081.44 0 0 0 0 0 0
5081.54 0 0 0 0 0 0
5081.64 0 0 0 0 0 0
5081.74 0 0 0 0 0 0
5081.84 0 0 0 0 0 0
5081.94 0 0 0 0 0 0
5082.04 0 0 0 0 0 0
5082.14 0 0 0 0 0 0
5082.24 0 0 0 0 0 0
5082.34 0 0 0 0 0 0
5082.44 0 0 0 0 0 0
5082.54 0 0 0 0 0 0
5082.64 0 0 0 0 0 0
5082.74 0 0 0 0 0 0
5082.84 0 0 0 0 0 0
5082.94 0 0 0 0 0 0
5083.04 0 0 0 0 0 0
5083.14 0 0 0 0 0 0
5083.24 0 0 0 0 0 0
5083.34 0 0 0 0 0 0
5083.44 0 0 0 0 0 0
5083.54 0 0 0 0 0 0
5083.64 0 0 0 0 0 0
5083.74 0 0 0 0 0 0
5083.84 0 0 0 0 0 0
5083.94 0 0 0 0 0 0
5084.04 0 0 0 0 0 0
5084.14 0 0 0 0 0 0
5084.24 0 0 0 0 0 0
5084.34 0 0 0 0 0 0
5084.44 0 0 0 0 0 0
5084.54 0 0 0 0 0 0
5084.64 0 0 0 0 0 0
5084.74 0 0 0 0 0 0
5084.84 0 0 0 0 0 0
5084.94 0 0 0 0 0 0
5085.04 0 0 0 0 0 0
5085.14 0 0 0 0 0 0
5085.24 0 0 0 0 0 0
5085.34 0 0 0 0 0 0
5085.44 0 0 0 0 0 0
5085.54 0 0 0 0 0 0
5085.64 0 0 0 0 0 0
5085.74 0 0 0 0 0 0
5085.84 0 0 0 0 0 0
5085.94 0 0 0 0 0 0
5086.04 0 0 0 0 0 0
5086.14 0 0 0 0 0 0
5086.24 0 0 0 0 0 0
5086.34 0 0 0 0 0 0
5086.44 0 0 0 0 0 0
5086.54 0 0 0 0 0 0
5086.64 0 0 0 0 0 0
5086.74 0 0 0 0 0 0
5086.84 0 0 0 0 0 0
5086.94 0 0 0 0 0 0
5087.04 0 0 0 0 0 0
5087.14 0 0 0 0 0 0
5087.24 0 0 0 0 0 0
5087.34 0 0 0 0 0 0
5087.44 0 0 0 0 0 0
5087.54 0 0 0 0 0 0
5087.64 0 0 0 0 0 0
5087.74 0 0 0 0 0 0
5087.84 0 0 0 0 0 0
5087.94 0 0 0 0 0 0
5088.04 0 0 0 0 0 0
5088.14 0 0 0 0 0 0
5088.24 0 0 0 0 0 0
5088.34 0 0 0 0 0 0
5088.44 0 0 0 0 0 0
5088.54 0 0 0 0 0 0
5088.64 0 0 0 0 0 0
5088.74 0 0 0 0 0 0
5088.84 0 0 0 0 0 0
5088.94 0 0 0 0 0 0
5089.04 0 0 0 0 0 0
5089.14 0 0 0 0 0 0
5089.24 0 0 0 0 0 0
5089.34 0 0 0 0 0 0
5089.44 0 0 0 0 0 0
5089.54 0 0 0 0 0 0
5089.64 0 0 0 0 0 0
5089.74 0 0 0 0 0 0
5089.84 0 0 0 0 0 0
5089.94 0 0 0 0 0 0
5090.04 0 0 0 0 0 0
5090.14 0 0 0 0 0 0
5090.24 0 0 0 0 0 0
5090.34 0 0 0 0 0 0
5090.44 0 0 0 0 0 0
5090.54 0 0 0 0 0 0
5090.64 0 0 0 0 0 0
5090.74 0 0 0 0 0 0
5090.84 0 0 0 0 0 0
5090.94 0 0 0 0 0 0
5091.04 0 0 0 0 0 0
5091.14 0 0 0 0 0 0
5091.24 0 0 0 0 0 0
5091.34 0 0 0 0 0 0
5091.44 0 0 0 0 0 0
5091.54 0 0 0 0 0 0
5091.64 0 0 0 0 0 0
5091.74 0 0 0 0 0 0
5091.84 0 0 0 0 0 0
5091.94 0 0 0 0 0 0
5092.04 0 0 0 0 0 0
5092.14 0 0 0 0 0 0
5092.24 0 0 0 0 0 0
5092.34 0 0 0 0 0 0
5092.44 0 0 0 0 0 0
5092.54 0 0 0 0 0 0
5092.64 0 0 0 0 0 0
5092.74 0 0 0 0 0 0
5092.84 0 0 0 0 0 0
5092.94 0 0 0 0 0 0
5093.04 0 0 0 0 0 0
5093.14 0 0 0 0 0 0
5093.24 0 0 0 0 0 0
5093.34 0 0 0 0 0 0
5093.44 0 0 0 0 0 0
5093.54 0 0 0 0 0 0
5093.64 0 0 0 0 0 0
5093.74 0 0 0 0 0 0
5093.84 0 0 0 0 0 0
5093.94 0 0 0 0 0 0
5094.04 0 0 0 0 0 0
5094.14 0 0 0 0 0 0
5094.24 0 0 0 0 0 0
5094.34 0 0 0 0 0 0
5094.44 0 0 0 0 0 0
5094.54 0 0 0 0 0 0
5094.64 0 0 0 0 0 0
5094.74 0 0 0 0 0 0
5094.84 0 0 0 0 0 0
5094.94 0 0 0 0 0 0
5095.04 0 0 0 0 0 0
5095.14 0 0 0 0 0 0
5095.24 0 0 0 0 0 0
5095.34 0 0 0 0 0 0
5095.44 0 0 0 0 0 0
5095.54 0 0 0 0 0 0
5095.64 0 0 0 0 0 0
5095.74 0 0 0 0 0 0
5095.84 0 0 0 0 0 0
5095.94 0 0 0 0 0 0
5096.04 0 0 0 0 0 0
5096.14 0 0 0 0 0 0
5096.24 0 0 0 0 0 0
5096.34 0 0 0 0 0 0
5096.44 0 0 0 0 0 0
5096.54 0 0 0 0 0 0
5096.64 0 0 0 0 0 0
5096.74 0 0 0 0 0 0
5096.84 0 0 0 0 0 0
5096.94 0 0 0 0 0 0
5097.04 0 0 0 0 0 0
5097.14 0 0 0 0 0 0
5097.24 0 0 0 0 0 0
5097.34 0 0 0 0 0 0
5097.44 0 0 0 0 0 0
5097.54 0 0 0 0 0 0
5097.64 0 0 0 0 0 0
5097.74 0 0 0 0 0 0
5097.84 0 0 0 0 0 0
5097.94 0 0 0 0 0 0
5098.04 0 0 0 0 0 0
5098.14 0 0 0 0 0 0
5098.24 0 0 0 0 0 0
5098.34 0 0 0 0 0 0
5098.44 0 0 0 0 0 0
5098.54 0 0 0 0 0 0
5098.64 0 0 0 0 0 0
5098.74 0 0 0 0 0 0
5098.84 0 0 0 0 0 0
5098.94 0 0 0 0 0 0
5099.04 0 0 0 0 0 0
5099.14 0 0 0 0 0 0
5099.24 0 0 0 0 0 0
5099.34 0 0 0 0 0 0
5099.44 0 0 0 0 0 0
5099.54 0 0 0 0 0 0
5099.64 0 0 0 0 0 0
5099.74 0 0 0 0 0 0
5099.84 0 0 0 0 0 0
5099.94 0 0 0 0 0 0
5100.04 0 0 0 0 0 0
5100.14 0 0 0 0 0 0
5100.24 0 0 0 0 0 0
5100.34 0 0 0 0 0 0
5100.44 0 0 0 0 0 0
5100.54 0 0 0 0 0 0
5100.64 0 0 0 0 0 0
5100.74 0 0 0 0 0 0
5100.84 0 0 0 0 0 0
5100.94 0 0 0 0 0 0
5101.04 0 0 0 0 0 0
5101.14 0 0 0 0 0 0
5101.24 0 0 0 0 0 0
5101.34 0 0 0 0 0 0
5101.44 0 0 0 0 0 0
5101.54 0 0 0 0 0 0
5101.64 0 0 0 0 0 0
5101.74 0 0 0 0 0 0
5101.84 0 0 0 0 0 0
5101.94 0 0 0 0 0 0
5102.04 0 0 0 0 0 0
5102.14 0 0 0 0 0 0
5102.24 0 0 0 0 0 0
5102.34 0 0 0 0 0 0
5102.44 0 0 0 0 0 0
5102.54 0 0 0 0 0 0
5102.64 0 0 0 0 0 0
5102.74 0 0 0 0 0 0
5102.84 0 0 0 0 0 0
5102.94 0 0 0 0 0 0
5103.04 0 0 0 0 0 0
5103.14 0 0 0 0 0 0
5103.24 0 0 0 0 0 0
5103.34 0 0 0 0 0 0
5103.44 0 0 0 0 0 0
5103.54 0 0 0 0 0 0
5103.64 0 0 0 0 0 0
5103.74 0 0 0 0 0 0
5103.84 0 0 0 0 0 0
5103.94 0 0 0 0 0 0
5104.04 0 0 0 0 0 0
5104.14 0 0 0 0 0 0
5104.24 0 0 0 0 0 0
5104.34 0 0 0 0 0 0
5104.44 0 0 0 0 0 0
5104.54 0 0 0 0 0 0
5104.64 0 0 0 0 0 0
5104.74 0 0 0 0 0 0
5104.84 0 0 0 0 0 0
5104.94 0 0 0 0 0 0
5105.04 0 0 0 0 0 0
5105.14 0 0 0 0 0 0
5105.24 0 0 0 0 0 0
5105.34 0 0 0 0 0 0
5105.44 0 0 0 0 0 0
5105.54 0 0 0 0 0 0
5105.64 0 0 0 0 0 0
5105.74 0 0 0 0 0 0
5105.84 0 0 0 0 0 0
5105.94 0 0 0 0 0 0
5106.04 0 0 0 0 0 0
5106.14 0 0 0 0 0 0
5106.24 0 0 0 0 0 0
5106.34 0 0 0 0 0 0
5106.44 0 0 0 0 0 0
5106.54 0 0 0 0 0 0
5106.64 0 0 0 0 0 0
5106.74 0 0 0 0 0 0
5106.84 0 0 0 0 0 0
5106.94 0 0 0 0 0 0
5107.04 0 0 0 0 0 0
5107.14 0 0 0 0 0 0
5107.24 0 0 0 0 0 0
5107.34 0 0 0 0 0 0
5107.44 0 0 0 0 0 0
5107.54 0 0 0 0 0 0
5107.64 0 0 0 0 0 0
5107.74 0 0 0 0 0 0
5107.84 0 0 0 0 0 0
5107.94 0 0 0 0 0 0
5108.04 0 0 0 0 0 0
5108.14 0 0 0 0 0 0
5108.24 0 0 0 0 0 0
5108.34 0 0 0 0 0 0
5108.44 0 0 0 0 0 0
5108.54 0 0 0 0 0 0
5108.64 0 0 0 0 0 0
5108.74 0 0 0 0 0 0
5108.84 0 0 0 0 0 0
5108.94 0 0 0 0 0 0
5109.04 0 0 0 0 0 0
5109.14 0 0 0 0 0 0
5109.24 0 0 0 0 0 0
5109.34 0 0 0 0 0 0
5109.44 0 0 0 0 0 0
5109.54 0 0 0 0 0 0
5109.64 0 0 0 0 0 0
5109.74 0 0 0 0 0 0
5109.84 0 0 0 0 0 0
5109.94 0 0 0 0 0 0
5110.04 0 0 0 0 0 0
5110.14 0 0 0 0 0 0
5110.24 0 0 0 0 0 0
5110.34 0 0 0 0 0 0
5110.44 0 0 0 0 0 0
5110.54 0 0 0 0 0 0
5110.64 0 0 0 0 0 0
5110.74 0 0 0 0 0 0
5110.84 0 0 0 0 0 0
5110.94 0 0 0 0 0 0
5111.04 0 0 0 0 0 0
5111.14 0 0 0 0 0 0
5111.24 0 0 0 0 0 0
5111.34 0 0 0 0 0 0
5111.44 0 0 0 0 0 0
5111.54 0 0 0 0 0 0
5111.64 0 0 0 0 0 0
5111.74 0 0 0 0 0 0
5111.84 0 0 0 0 0 0
5111.94 0 0 0 0 0 0
5112.04 0 0 0 0 0 0
5112.14 0 0 0 0 0 0
5112.24 0 0 0 0 0 0
5112.34 0 0 0 0 0 0
5112.44 0 0 0 0 0 0
5112.54 0 0 0 0 0 0
5112.64 0 0 0 0 0 0
5112.74 0 0 0 0 0 0
5112.84 0 0 0 0 0 0
5112.94 0 0 0 0 0 0
5113.04 0 0 0 0 0 0
5113.14 0 0 0 0 0 0
5113.24 0 0 0 0 0 0
5113.34 0 0 0 0 0 0
5113.44 0 0 0 0 0 0
5113.54 0 0 0 0 0 0
5113.64 0 0 0 0 0 0
5113.74 0 0 0 0 0 0
5113.84 0 0 0 0 0 0
5113.94 0 0 0 0 0 0
5114.04 0 0 0 0 0 0
5114.14 0 0 0 0 0 0
5114.24 0 0 0 0 0 0
5114.34 0 0 0 0 0 0
5114.44 0 0 0 0 0 0
5114.54 0 0 0 0 0 0
5114.64 0 0 0 0 0 0
5114.74 0 0 0 0 0 0
5114.84 0 0 0 0 0 0
5114.94 0 0 0 0 0 0
5115.04 0 0 0 0 0 0
5115.14 0 0 0 0 0 0
5115.24 0 0 0 0 0 0
5115.34 0 0 0 0 0 0
5115.44 0 0 0 0 0 0
5115.54 0 0 0 0 0 0
5115.64 0 0 0 0 0 0
5115.74 0 0 0 0 0 0
5115.84 0 0 0 0 0 0
5115.94 0 0 0 0 0 0
5116.04 0 0 0 0 0 0
5116.14 0 0 0 0 0 0
5116.24 0 0 0 0 0 0
5116.34 0 0 0 0 0 0
5116.44 0 0 0 0 0 0
5116.54 0 0 0 0 0 0
5116.64 0 0 0 0 0 0
5116.74 0 0 0 0 0 0
5116.84 0 0 0 0 0 0
5116.94 0 0 0 0 0 0
5117.04 0 0 0 0 0 0
5117.14 0 0 0 0 0 0
5117.24 0 0 0 0 0 0
5117.34 0 0 0 0 0 0
5117.44 0 0 0 0 0 0
5117.54 0 0 0 0 0 0
5117.64 0 0 0 0 0 0
5117.74 0 0 0 0 0 0
5117.84 0 0 0 0 0 0
5117.94 0 0 0 0 0 0
5118.04 0 0 0 0 0 0
5118.14 0 0 0 0 0 0
5118.24 0 0 0 0 0 0
5118.34 0 0 0 0 0 0
5118.44 0 0 0 0 0 0
5118.54 0 0 0 0 0 0
5118.64 0 0 0 0 0 0
5118.74 0 0 0 0 0 0
5118.84 0 0 0 0 0 0
5118.94 0 0 0 0 0 0
5119.04 0 0 0 0 0 0
5119.14 0 0 0 0 0 0
5119.24 0 0 0 0 0 0
5119.34 0 0 0 0 0 0
5119.44 0 0 0 0 0 0
5119.54 0 0 0 0 0 0
5119.64 0 0 0 0 0 0
5119.74 0 0 0 0 0 0
5119.84 0 0 0 0 0 0
5119.94 0 0 0 0 0 0
5120.04 0 0 0 0 0 0
5120.14 0 0 0 0 0 0
5120.24 0 0 0 0 0 0
5120.34 0 0 0 0 0 0
5120.44 0 0 0 0 0 0
5120.54 0 0 0 0 0 0
5120.64 0 0 0 0 0 0
5120.74 0 0 0 0 0 0
5120.84 0 0 0 0 0 0
5120.94 0 0 0 0 0 0
5121.04 0 0 0 0 0 0
5121.14 0 0 0 0 0 0
5121.24 0 0 0 0 0 0
5121.34 0 0 0 0 0 0
5121.44 0 0 0 0 0 0
5121.54 0 0 0 0 0 0
5121.64 0 0 0 0 0 0
5121.74 0 0 0 0 0 0
5121.84 0 0 0 0 0 0
5121.94 0 0 0 0 0 0
5122.04 0 0 0 0 0 0
5122.14 0 0 0 0 0 0
5122.24 0 0 0 0 0 0
5122.34 0 0 0 0 0 0
5122.44 0 0 0 0 0 0
5122.54 0 0 0 0 0 0
5122.64 0 0 0 0 0 0
5122.74 0 0 0 0 0 0
5122.84 0 0 0 0 0 0
5122.94 0 0 0 0 0 0
5123.04 0 0 0 0 0 0
5123.14 0 0 0 0 0 0
5123.24 0 0 0 0 0 0
5123.34 0 0 0 0 0 0
5123.44 0 0 0 0 0 0
5123.54 0 0 0 0 0 0
5123.64 0 0 0 0 0 0
5123.74 0 0 0 0 0 0
5123.84 0 0 0 0 0 0
5123.94 0 0 0 0 0 0
5124.04 0 0 0 0 0 0
5124.14 0 0 0 0 0 0
5124.24 0 0 0 0 0 0
5124.34 0 0 0 0 0 0
5124.44 0 0 0 0 0 0
5124.54 0 0 0 0 0 0
5124.64 0 0 0 0 0 0
5124.74 0 0 0 0 0 0
5124.84 0 0 0 0 0 0
5124.94 0 0 0 0 0 0
5125.04 0 0 0 0 0 0
5125.14 0 0 0 0 0 0
5125.24 0 0 0 0 0 0
5125.34 0 0 0 0 0 0
5125.44 0 0 0 0 0 0
5125.54 0 0 0 0 0 0
5125.64 0 0 0 0 0 0
5125.74 0 0 0 0 0 0
5125.84 0 0 0 0 0 0
5125.94 0 0 0 0 0 0
5126.04 0 0 0 0 0 0
5126.14 0 0 0 0 0 0
5126.24 0 0 0 0 0 0
5126.34 0 0 0 0 0 0
5126.44 0 0 0 0 0 0
5126.54 0 0 0 0 0 0
5126.64 0 0 0 0 0 0
5126.74 0 0 0 0 0 0
5126.84 0 0 0 0 0 0
5126.94 0 0 0 0 0 0
5127.04 0 0 0 0 0 0
5127.14 0 0 0 0 0 0
5127.24 0 0 0 0 0 0
5127.34 0 0 0 0 0 0
5127.44 0 0 0 0 0 0
5127.54 0 0 0 0 0 0
5127.64 0 0 0 0 0 0
5127.74 0 0 0 0 0 0
5127.84 0 0 0 0 0 0
5127.94 0 0 0 0 0 0
5128.04 0 0 0 0 0 0
5128.14 0 0 0 0 0 0
5128.24 0 0 0 0 0 0
5128.34 0 0 0 0 0 0
5128.44 0 0 0 0 0 0
5128.54 0 0 0 0 0 0
5128.64 0 0 0 0 0 0
5128.74 0 0 0 0 0 0
5128.84 0 0 0 0 0 0
5128.94 0 0 0 0 0 0
5129.04 0 0 0 0 0 0
5129.14 0 0 0 0 0 0
5129.24 0 0 0 0 0 0
5129.34 0 0 0 0 0 0
5129.44 0 0 0 0 0 0
5129.54 0 0 0 0 0 0
5129.64 0 0 0 0 0 0
5129.74 0 0 0 0 0 0
5129.84 0 0 0 0 0 0
5129.94 0 0 0 0 0 0
5130.04 0 0 0 0 0 0
5130.14 0 0 0 0 0 0
5130.24 0 0 0 0 0 0
5130.34 0 0 0 0 0 0
5130.44 0 0 0 0 0 0
5130.54 0 0 0 0 0 0
5130.64 0 0 0 0 0 0
5130.74 0 0 0 0 0 0
5130.84 0 0 0 0 0 0
5130.94 0 0 0 0 0 0
5131.04 0 0 0 0 0 0
5131.14 0 0 0 0 0 0
5131.24 0 0 0 0 0 0
5131.34 0 0 0 0 0 0
5131.44 0 0 0 0 0 0
5131.54 0 0 0 0 0 0
5131.64 0 0 0 0 0 0
5131.74 0 0 0 0 0 0
5131.84 0 0 0 0 0 0
5131.94 0 0 0 0 0 0
5132.04 0 0 0 0 0 0
5132.14 0 0 0 0 0 0
5132.24 0 0 0 0 0 0
5132.34 0 0 0 0 0 0
5132.44 0 0 0 0 0 0
5132.54 0 0 0 0 0 0
5132.64 0 0 0 0 0 0
5132.74 0 0 0 0 0 0
5132.84 0 0 0 0 0 0
5132.94 0 0 0 0 0 0
5133.04 0 0 0 0 0 0
5133.14 0 0 0 0 0 0
5133.24 0 0 0 0 0 0
5133.34 0 0 0 0 0 0
5133.44 0 0 0 0 0 0
5133.54 0 0 0 0 0 0
5133.64 0 0 0 0 0 0
5133.74 0 0 0 0 0 0
5133.84 0 0 0 0 0 0
5133.94 0 0 0 0 0 0
5134.04 0 0 0 0 0 0
5134.14 0 0 0 0 0 0
5134.24 0 0 0 0 0 0
5134.34 0 0 0 0 0 0
5134.44 0 0 0 0 0 0
5134.54 0 0 0 0 0 0
5134.64 0 0 0 0 0 0
5134.74 0 0 0 0 0 0
5134.84 0 0 0 0 0 0
5134.94 0 0 0 0 0 0
5135.04 0 0 0 0 0 0
5135.14 0 0 0 0 0 0
5135.24 0 0 0 0 0 0
5135.34 0 0 0 0 0 0
5135.44 0 0 0 0 0 0
5135.54 0 0 0 0 0 0
5135.64 0 0 0 0 0 0
5135.74 0 0 0 0 0 0
5135.84 0 0 0 0 0 0
5135.94 0 0 0 0 0 0
5136.04 0 0 0 0 0 0
5136.14 0 0 0 0 0 0
5136.24 0 0 0 0 0 0
5136.34 0 0 0 0 0 0
5136.44 0 0 0 0 0 0
5136.54 0 0 0 0 0 0
5136.64 0 0 0 0 0 0
5136.74 0 0 0 0 0 0
5136.84 0 0 0 0 0 0
5136.94 0 0 0 0 0 0
5137.04 0 0 0 0 0 0
5137.14 0 0 0 0 0 0
5137.24 0 0 0 0 0 0
5137.34 0 0 0 0 0 0
5137.44 0 0 0 0 0 0
5137.54 0 0 0 0 0 0
5137.64 0 0 0 0 0 0
5137.74 0 0 0 0 0 0
5137.84 0 0 0 0 0 0
5137.94 0 0 0 0 0 0
5138.04 0 0 0 0 0 0
5138.14 0 0 0 0 0 0
5138.24 0 0 0 0 0 0
5138.34 0 0 0 0 0 0
5138.44 0 0 0 0 0 0
5138.54 0 0 0 0 0 0
5138.64 0 0 0 0 0 0
5138.74 0 0 0 0 0 0
5138.84 0 0 0 0 0 0
5138.94 0 0 0 0 0 0
5139.04 0 0 0 0 0 0
5139.14 0 0 0 0 0 0
5139.24 0 0 0 0 0 0
5139.34 0 0 0 0 0 0
5139.44 0 0 0 0 0 0
5139.54 0 0 0 0 0 0
5139.64 0 0 0 0 0 0
5139.74 0 0 0 0 0 0
5139.84 0 0 0 0 0 0
5139.94 0 0 0 0 0 0
5140.04 0 0 0 0 0 0
5140.14 0 0 0 0 0 0
5140.24 0 0 0 0 0 0
5140.34 0 0 0 0 0 0
5140.44 0 0 0 0 0 0
5140.54 0 0 0 0 0 0
5140.64 0 0 0 0 0 0
5140.74 0 0 0 0 0 0
5140.84 0 0 0 0 0 0
5140.94 0 0 0 0 0 0
5141.04 0 0 0 0 0 0
5141.14 0 0 0 0 0 0
5141.24 0 0 0 0 0 0
5141.34 0 0 0 0 0 0
5141.44 0 0 0 0 0 0
5141.54 0 0 0 0 0 0
5141.64 0 0 0 0 0 0
5141.74 0 0 0 0 0 0
5141.84 0 0 0 0 0 0
5141.94 0 0 0 0 0 0
5142.04 0 0 0 0 0 0
5142.14 0 0 0 0 0 0
5142.24 0 0 0 0 0 0
5142.34 0 0 0 0 0 0
5142.44 0 0 0 0 0 0
5142.54 0 0 0 0 0 0
5142.64 0 0 0 0 0 0
5142.74 0 0 0 0 0 0
5142.84 0 0 0 0 0 0
5142.94 0 0 0 0 0 0
5143.04 0 0 0 0 0 0
5143.14 0 0 0 0 0 0
5143.24 0 0 0 0 0 0
5143.34 0 0 0 0 0 0
5143.44 0 0 0 0 0 0
5143.54 0 0 0 0 0 0
5143.64 0 0 0 0 0 0
5143.74 0 0 0 0 0 0
5143.84 0 0 0 0 0 0
5143.94 0 0 0 0 0 0
5144.04 0 0 0 0 0 0
5144.14 0 0 0 0 0 0
5144.24 0 0 0 0 0 0
5144.34 0 0 0 0 0 0
5144.44 0 0 0 0 0 0
5144.54 0 0 0 0 0 0
5144.64 0 0 0 0 0 0
5144.74 0 0 0 0 0 0
5144.84 0 0 0 0 0 0
5144.94 0 0 0 0 0 0
5145.04 0 0 0 0 0 0
5145.14 0 0 0 0 0 0
5145.24 0 0 0 0 0 0
5145.34 0 0 0 0 0 0
5145.44 0 0 0 0 0 0
5145.54 0 0 0 0 0 0
5145.64 0 0 0 0 0 0
5145.74 0 0 0 0 0 0
5145.84 0 0 0 0 0 0
5145.94 0 0 0 0 0 0
5146.04 0 0 0 0 0 0
5146.14 0 0 0 0 0 0
5146.24 0 0 0 0 0 0
5146.34 0 0 0 0 0 0
5146.44 0 0 0 0 0 0
5146.54 0 0 0 0 0 0
5146.64 0 0 0 0 0 0
5146.74 0 0 0 0 0 0
5146.84 0 0 0 0 0 0
5146.94 0 0 0 0 0 0
5147.04 0 0 0 0 0 0
5147.14 0 0 0 0 0 0
5147.24 0 0 0 0 0 0
5147.34 0 0 0 0 0 0
5147.44 0 0 0 0 0 0
5147.54 0 0 0 0 0 0
5147.64 0 0 0 0 0 0
5147.74 0 0 0 0 0 0
5147.84 0 0 0 0 0 0
5147.94 0 0 0 0 0 0
5148.04 0 0 0 0 0 0
5148.14 0 0 0 0 0 0
5148.24 0 0 0 0 0 0
5148.34 0 0 0 0 0 0
5148.44 0 0 0 0 0 0
5148.54 0 0 0 0 0 0
5148.64 0 0 0 0 0 0
5148.74 0 0 0 0 0 0
5148.84 0 0 0 0 0 0
5148.94 0 0 0 0 0 0
5149.04 0 0 0 0 0 0
5149.14 0 0 0 0 0 0
5149.24 0 0 0 0 0 0
5149.34 0 0 0 0 0 0
5149.44 0 0 0 0 0 0
5149.54 0 0 0 0 0 0
5149.64 0 0 0 0 0 0
5149.74 0 0 0 0 0 0
5149.84 0 0 0 0 0 0
5149.94 0 0 0 0 0 0
5150.04 0 0 0 0 0 0
5150.14 0 0 0 0 0 0
5150.24 0 0 0 0 0 0
5150.34 0 0 0 0 0 0
5150.44 0 0 0 0 0 0
5150.54 0 0 0 0 0 0
5150.64 0 0 0 0 0 0
5150.74 0 0 0 0 0 0
5150.84 0 0 0 0 0 0
5150.94 0 0 0 0 0 0
5151.04 0 0 0 0 0 0
5151.14 0 0 0 0 0 0
5151.24 0 0 0 0 0 0
5151.34 0 0 0 0 0 0
5151.44 0 0 0 0 0 0
5151.54 0 0 0 0 0 0
5151.64 0 0 0 0 0 0
5151.74 0 0 0 0 0 0
5151.84 0 0 0 0 0 0
5151.94 0 0 0 0 0 0
5152.04 0 0 0 0 0 0
5152.14 0 0 0 0 0 0
5152.24 0 0 0 0 0 0
5152.34 0 0 0 0 0 0
5152.44 0 0 0 0 0 0
5152.54 0 0 0 0 0 0
5152.64 0 0 0 0 0 0
5152.74 0 0 0 0 0 0
5152.84 0 0 0 0 0 0
5152.94 0 0 0 0 0 0
5153.04 0 0 0 0 0 0
5153.14 0 0 0 0 0 0
5153.24 0 0 0 0 0 0
5153.34 0 0 0 0 0 0
5153.44 0 0 0 0 0 0
5153.54 0 0 0 0 0 0
5153.64 0 0 0 0 0 0
5153.74 0 0 0 0 0 0
5153.84 0 0 0 0 0 0
5153.94 0 0 0 0 0 0
5154.04 0 0 0 0 0 0
5154.14 0 0 0 0 0 0
5154.24 0 0 0 0 0 0
5154.34 0 0 0 0 0 0
5154.44 0 0 0 0 0 0
5154.54 0 0 0 0 0 0
5154.64 0 0 0 0 0 0
5154.74 0 0 0 0 0 0
5154.84 0 0 0 0 0 0
5154.94 0 0 0 0 0 0
5155.04 0 0 0 0 0 0
5155.14 0 0 0 0 0 0
5155.24 0 0 0 0 0 0
5155.34 0 0 0 0 0 0
5155.44 0 0 0 0 0 0
5155.54 0 0 0 0 0 0
5155.64 0 0 0 0 0 0
5155.74 0 0 0 0 0 0
5155.84 0 0 0 0 0 0
5155.94 0 0 0 0 0 0
5156.04 0 0 0 0 0 0
5156.14 0 0 0 0 0 0
5156.24 0 0 0 0 0 0
5156.34 0 0 0 0 0 0
5156.44 0 0 0 0 0 0
5156.54 0 0 0 0 0 0
5156.64 0 0 0 0 0 0
5156.74 0 0 0 0 0 0
5156.84 0 0 0 0 0 0
5156.94 0 0 0 0 0 0
5157.04 0 0 0 0 0 0
5157.14 0 0 0 0 0 0
5157.24 0 0 0 0 0 0
5157.34 0 0 0 0 0 0
5157.44 0 0 0 0 0 0
5157.54 0 0 0 0 0 0
5157.64 0 0 0 0 0 0
5157.74 0 0 0 0 0 0
5157.84 0 0 0 0 0 0
5157.94 0 0 0 0 0 0
5158.04 0 0 0 0 0 0
5158.14 0 0 0 0 0 0
5158.24 0 0 0 0 0 0
5158.34 0 0 0 0 0 0
5158.44 0 0 0 0 0 0
5158.54 0 0 0 0 0 0
5158.64 0 0 0 0 0 0
