# time_s bgx bgy bgz bax bay baz
2487.73 0 0 0 0 0 0
2487.83 0 0 0 0 0 0
2487.93 0 0 0 0 0 0
2488.03 0 0 0 0 0 0
2488.13 0 0 0 0 0 0
2488.23 0 0 0 0 0 0
2488.33 0 0 0 0 0 0
2488.43 0 0 0 0 0 0
2488.53 0 0 0 0 0 0
2488.63 0 0 0 0 0 0
2488.73 0 0 0 0 0 0
2488.83 0 0 0 0 0 0
2488.93 0 0 0 0 0 0
2489.03 0 0 0 0 0 0
2489.13 0 0 0 0 0 0
2489.23 0 0 0 0 0 0
2489.33 0 0 0 0 0 0
2489.43 0 0 0 0 0 0
2489.53 0 0 0 0 0 0
2489.63 0 0 0 0 0 0
2489.73 0 0 0 0 0 0
2489.83 0 0 0 0 0 0
2489.93 0 0 0 0 0 0
2490.03 0 0 0 0 0 0
2490.13 0 0 0 0 0 0
2490.23 0 0 0 0 0 0
2490.33 0 0 0 0 0 0
2490.43 0 0 0 0 0 0
2490.53 0 0 0 0 0 0
2490.63 0 0 0 0 0 0
2490.73 0 0 0 0 0 0
2490.83 0 0 0 0 0 0
2490.93 0 0 0 0 0 0
2491.03 0 0 0 0 0 0
2491.13 0 0 0 0 0 0
2491.23 0 0 0 0 0 0
2491.33 0 0 0 0 0 0
2491.43 0 0 0 0 0 0
2491.53 0 0 0 0 0 0
2491.63 0 0 0 0 0 0
2491.73 0 0 0 0 0 0
2491.83 0 0 0 0 0 0
2491.93 0 0 0 0 0 0
2492.03 0 0 0 0 0 0
2492.13 0 0 0 0 0 0
2492.23 0 0 0 0 0 0
2492.33 0 0 0 0 0 0
2492.43 0 0 0 0 0 0
2492.53 0 0 0 0 0 0
2492.63 0 0 0 0 0 0
2492.73 0 0 0 0 0 0
2492.83 0 0 0 0 0 0
2492.93 0 0 0 0 0 0
2493.03 0 0 0 0 0 0
2493.13 0 0 0 0 0 0
2493.23 0 0 0 0 0 0
2493.33 0 0 0 0 0 0
2493.43 0 0 0 0 0 0
2493.53 0 0 0 0 0 0
2493.63 0 0 0 0 0 0
2493.73 0 0 0 0 0 0
2493.83 0 0 0 0 0 0
2493.93 0 0 0 0 0 0
2494.03 0 0 0 0 0 0
2494.13 0 0 0 0 0 0
2494.23 0 0 0 0 0 0
2494.33 0 0 0 0 0 0
2494.43 0 0 0 0 0 0
2494.53 0 0 0 0 0 0
2494.63 0 0 0 0 0 0
2494.73 0 0 0 0 0 0
2494.83 0 0 0 0 0 0
2494.93 0 0 0 0 0 0
2495.03 0 0 0 0 0 0
2495.13 0 0 0 0 0 0
2495.23 0 0 0 0 0 0
2495.33 0 0 0 0 0 0
2495.43 0 0 0 0 0 0
2495.53 0 0 0 0 0 0
2495.63 0 0 0 0 0 0
2495.73 0 0 0 0 0 0
2495.83 0 0 0 0 0 0
2495.93 0 0 0 0 0 0
2496.03 0 0 0 0 0 0
2496.13 0 0 0 0 0 0
2496.23 0 0 0 0 0 0
2496.33 0 0 0 0 0 0
2496.43 0 0 0 0 0 0
2496.53 0 0 0 0 0 0
2496.63 0 0 0 0 0 0
2496.73 0 0 0 0 0 0
2496.83 0 0 0 0 0 0
2496.93 0 0 0 0 0 0
2497.03 0 0 0 0 0 0
2497.13 0 0 0 0 0 0
2497.23 0 0 0 0 0 0
2497.33 0 0 0 0 0 0
2497.43 0 0 0 0 0 0
2497.53 0 0 0 0 0 0
2497.63 0 0 0 0 0 0
2497.73 0 0 0 0 0 0
2497.83 0 0 0 0 0 0
2497.93 0 0 0 0 0 0
2498.03 0 0 0 0 0 0
2498.13 0 0 0 0 0 0
2498.23 0 0 0 0 0 0
2498.33 0 0 0 0 0 0
2498.43 0 0 0 0 0 0
2498.53 0 0 0 0 0 0
2498.63 0 0 0 0 0 0
2498.73 0 0 0 0 0 0
2498.83 0 0 0 0 0 0
2498.93 0 0 0 0 0 0
2499.03 0 0 0 0 0 0
2499.13 0 0 0 0 0 0
2499.23 0 0 0 0 0 0
2499.33 0 0 0 0 0 0
2499.43 0 0 0 0 0 0
2499.53 0 0 0 0 0 0
2499.63 0 0 0 0 0 0
2499.73 0 0 0 0 0 0
2499.83 0 0 0 0 0 0
2499.93 0 0 0 0 0 0
2500.03 0 0 0 0 0 0
2500.13 0 0 0 0 0 0
2500.23 0 0 0 0 0 0
2500.33 0 0 0 0 0 0
2500.43 0 0 0 0 0 0
2500.53 0 0 0 0 0 0
2500.63 0 0 0 0 0 0
2500.73 0 0 0 0 0 0
2500.83 0 0 0 0 0 0
2500.93 0 0 0 0 0 0
2501.03 0 0 0 0 0 0
2501.13 0 0 0 0 0 0
2501.23 0 0 0 0 0 0
2501.33 0 0 0 0 0 0
2501.43 0 0 0 0 0 0
2501.53 0 0 0 0 0 0
2501.63 0 0 0 0 0 0
2501.73 0 0 0 0 0 0
2501.83 0 0 0 0 0 0
2501.93 0 0 0 0 0 0
2502.03 0 0 0 0 0 0
2502.13 0 0 0 0 0 0
2502.23 0 0 0 0 0 0
2502.33 0 0 0 0 0 0
2502.43 0 0 0 0 0 0
2502.53 0 0 0 0 0 0
2502.63 0 0 0 0 0 0
2502.73 0 0 0 0 0 0
2502.83 0 0 0 0 0 0
2502.93 0 0 0 0 0 0
2503.03 0 0 0 0 0 0
2503.13 0 0 0 0 0 0
2503.23 0 0 0 0 0 0
2503.33 0 0 0 0 0 0
2503.43 0 0 0 0 0 0
2503.53 0 0 0 0 0 0
2503.63 0 0 0 0 0 0
2503.73 0 0 0 0 0 0
2503.83 0 0 0 0 0 0
2503.93 0 0 0 0 0 0
2504.03 0 0 0 0 0 0
2504.13 0 0 0 0 0 0
2504.23 0 0 0 0 0 0
2504.33 0 0 0 0 0 0
2504.43 0 0 0 0 0 0
2504.53 0 0 0 0 0 0
2504.63 0 0 0 0 0 0
2504.73 0 0 0 0 0 0
2504.83 0 0 0 0 0 0
2504.93 0 0 0 0 0 0
2505.03 0 0 0 0 0 0
2505.13 0 0 0 0 0 0
2505.23 0 0 0 0 0 0
2505.33 0 0 0 0 0 0
2505.43 0 0 0 0 0 0
2505.53 0 0 0 0 0 0
2505.63 0 0 0 0 0 0
2505.73 0 0 0 0 0 0
2505.83 0 0 0 0 0 0
2505.93 0 0 0 0 0 0
2506.03 0 0 0 0 0 0
2506.13 0 0 0 0 0 0
2506.23 0 0 0 0 0 0
2506.33 0 0 0 0 0 0
2506.43 0 0 0 0 0 0
2506.53 0 0 0 0 0 0
2506.63 0 0 0 0 0 0
2506.73 0 0 0 0 0 0
2506.83 0 0 0 0 0 0
2506.93 0 0 0 0 0 0
2507.03 0 0 0 0 0 0
2507.13 0 0 0 0 0 0
2507.23 0 0 0 0 0 0
2507.33 0 0 0 0 0 0
2507.43 0 0 0 0 0 0
2507.53 0 0 0 0 0 0
2507.63 0 0 0 0 0 0
2507.73 0 0 0 0 0 0
2507.83 0 0 0 0 0 0
2507.93 0 0 0 0 0 0
2508.03 0 0 0 0 0 0
2508.13 0 0 0 0 0 0
2508.23 0 0 0 0 0 0
2508.33 0 0 0 0 0 0
2508.43 0 0 0 0 0 0
2508.53 0 0 0 0 0 0
2508.63 0 0 0 0 0 0
2508.73 0 0 0 0 0 0
2508.83 0 0 0 0 0 0
2508.93 0 0 0 0 0 0
2509.03 0 0 0 0 0 0
2509.13 0 0 0 0 0 0
2509.23 0 0 0 0 0 0
2509.33 0 0 0 0 0 0
2509.43 0 0 0 0 0 0
2509.53 0 0 0 0 0 0
2509.63 0 0 0 0 0 0
2509.73 0 0 0 0 0 0
2509.83 0 0 0 0 0 0
2509.93 0 0 0 0 0 0
2510.03 0 0 0 0 0 0
2510.13 0 0 0 0 0 0
2510.23 0 0 0 0 0 0
2510.33 0 0 0 0 0 0
2510.43 0 0 0 0 0 0
2510.53 0 0 0 0 0 0
2510.63 0 0 0 0 0 0
2510.73 0 0 0 0 0 0
2510.83 0 0 0 0 0 0
2510.93 0 0 0 0 0 0
2511.03 0 0 0 0 0 0
2511.13 0 0 0 0 0 0
2511.23 0 0 0 0 0 0
2511.33 0 0 0 0 0 0
2511.43 0 0 0 0 0 0
2511.53 0 0 0 0 0 0
2511.63 0 0 0 0 0 0
2511.73 0 0 0 0 0 0
2511.83 0 0 0 0 0 0
2511.93 0 0 0 0 0 0
2512.03 0 0 0 0 0 0
2512.13 0 0 0 0 0 0
2512.23 0 0 0 0 0 0
2512.33 0 0 0 0 0 0
2512.43 0 0 0 0 0 0
2512.53 0 0 0 0 0 0
2512.63 0 0 0 0 0 0
2512.73 0 0 0 0 0 0
2512.83 0 0 0 0 0 0
2512.93 0 0 0 0 0 0
2513.03 0 0 0 0 0 0
2513.13 0 0 0 0 0 0
2513.23 0 0 0 0 0 0
2513.33 0 0 0 0 0 0
2513.43 0 0 0 0 0 0
2513.53 0 0 0 0 0 0
2513.63 0 0 0 0 0 0
2513.73 0 0 0 0 0 0
2513.83 0 0 0 0 0 0
2513.93 0 0 0 0 0 0
2514.03 0 0 0 0 0 0
2514.13 0 0 0 0 0 0
2514.23 0 0 0 0 0 0
2514.33 0 0 0 0 0 0
2514.43 0 0 0 0 0 0
2514.53 0 0 0 0 0 0
2514.63 0 0 0 0 0 0
2514.73 0 0 0 0 0 0
2514.83 0 0 0 0 0 0
2514.93 0 0 0 0 0 0
2515.03 0 0 0 0 0 0
2515.13 0 0 0 0 0 0
2515.23 0 0 0 0 0 0
2515.33 0 0 0 0 0 0
2515.43 0 0 0 0 0 0
2515.53 0 0 0 0 0 0
2515.63 0 0 0 0 0 0
2515.73 0 0 0 0 0 0
2515.83 0 0 0 0 0 0
2515.93 0 0 0 0 0 0
2516.03 0 0 0 0 0 0
2516.13 0 0 0 0 0 0
2516.23 0 0 0 0 0 0
2516.33 0 0 0 0 0 0
2516.43 0 0 0 0 0 0
2516.53 0 0 0 0 0 0
2516.63 0 0 0 0 0 0
2516.73 0 0 0 0 0 0
2516.83 0 0 0 0 0 0
2516.93 0 0 0 0 0 0
2517.03 0 0 0 0 0 0
2517.13 0 0 0 0 0 0
2517.23 0 0 0 0 0 0
2517.33 0 0 0 0 0 0
2517.43 0 0 0 0 0 0
2517.53 0 0 0 0 0 0
2517.63 0 0 0 0 0 0
2517.73 0 0 0 0 0 0
2517.83 0 0 0 0 0 0
2517.93 0 0 0 0 0 0
2518.03 0 0 0 0 0 0
2518.13 0 0 0 0 0 0
2518.23 0 0 0 0 0 0
2518.33 0 0 0 0 0 0
2518.43 0 0 0 0 0 0
2518.53 0 0 0 0 0 0
2518.63 0 0 0 0 0 0
2518.73 0 0 0 0 0 0
2518.83 0 0 0 0 0 0
2518.93 0 0 0 0 0 0
2519.03 0 0 0 0 0 0
2519.13 0 0 0 0 0 0
2519.23 0 0 0 0 0 0
2519.33 0 0 0 0 0 0
2519.43 0 0 0 0 0 0
2519.53 0 0 0 0 0 0
2519.63 0 0 0 0 0 0
2519.73 0 0 0 0 0 0
2519.83 0 0 0 0 0 0
2519.93 0 0 0 0 0 0
2520.03 0 0 0 0 0 0
2520.13 0 0 0 0 0 0
2520.23 0 0 0 0 0 0
2520.33 0 0 0 0 0 0
2520.43 0 0 0 0 0 0
2520.53 0 0 0 0 0 0
2520.63 0 0 0 0 0 0
2520.73 0 0 0 0 0 0
2520.83 0 0 0 0 0 0
2520.93 0 0 0 0 0 0
2521.03 0 0 0 0 0 0
2521.13 0 0 0 0 0 0
2521.23 0 0 0 0 0 0
2521.33 0 0 0 0 0 0
2521.43 0 0 0 0 0 0
2521.53 0 0 0 0 0 0
2521.63 0 0 0 0 0 0
2521.73 0 0 0 0 0 0
2521.83 0 0 0 0 0 0
2521.93 0 0 0 0 0 0
2522.03 0 0 0 0 0 0
2522.13 0 0 0 0 0 0
2522.23 0 0 0 0 0 0
2522.33 0 0 0 0 0 0
2522.43 0 0 0 0 0 0
2522.53 0 0 0 0 0 0
2522.63 0 0 0 0 0 0
2522.73 0 0 0 0 0 0
2522.83 0 0 0 0 0 0
2522.93 0 0 0 0 0 0
2523.03 0 0 0 0 0 0
2523.13 0 0 0 0 0 0
2523.23 0 0 0 0 0 0
2523.33 0 0 0 0 0 0
2523.43 0 0 0 0 0 0
2523.53 0 0 0 0 0 0
2523.63 0 0 0 0 0 0
2523.73 0 0 0 0 0 0
2523.83 0 0 0 0 0 0
2523.93 0 0 0 0 0 0
2524.03 0 0 0 0 0 0
2524.13 0 0 0 0 0 0
2524.23 0 0 0 0 0 0
2524.33 0 0 0 0 0 0
2524.43 0 0 0 0 0 0
2524.53 0 0 0 0 0 0
2524.63 0 0 0 0 0 0
2524.73 0 0 0 0 0 0
2524.83 0 0 0 0 0 0
2524.93 0 0 0 0 0 0
2525.03 0 0 0 0 0 0
2525.13 0 0 0 0 0 0
2525.23 0 0 0 0 0 0
2525.33 0 0 0 0 0 0
2525.43 0 0 0 0 0 0
2525.53 0 0 0 0 0 0
2525.63 0 0 0 0 0 0
2525.73 0 0 0 0 0 0
2525.83 0 0 0 0 0 0
2525.93 0 0 0 0 0 0
2526.03 0 0 0 0 0 0
2526.13 0 0 0 0 0 0
2526.23 0 0 0 0 0 0
2526.33 0 0 0 0 0 0
2526.43 0 0 0 0 0 0
2526.53 0 0 0 0 0 0
2526.63 0 0 0 0 0 0
2526.73 0 0 0 0 0 0
2526.83 0 0 0 0 0 0
2526.93 0 0 0 0 0 0
2527.03 0 0 0 0 0 0
2527.13 0 0 0 0 0 0
2527.23 0 0 0 0 0 0
2527.33 0 0 0 0 0 0
2527.43 0 0 0 0 0 0
2527.53 0 0 0 0 0 0
2527.63 0 0 0 0 0 0
2527.73 0 0 0 0 0 0
2527.83 0 0 0 0 0 0
2527.93 0 0 0 0 0 0
2528.03 0 0 0 0 0 0
2528.13 0 0 0 0 0 0
2528.23 0 0 0 0 0 0
2528.33 0 0 0 0 0 0
2528.43 0 0 0 0 0 0
2528.53 0 0 0 0 0 0
2528.63 0 0 0 0 0 0
2528.73 0 0 0 0 0 0
2528.83 0 0 0 0 0 0
2528.93 0 0 0 0 0 0
2529.03 0 0 0 0 0 0
2529.13 0 0 0 0 0 0
2529.23 0 0 0 0 0 0
2529.33 0 0 0 0 0 0
2529.43 0 0 0 0 0 0
2529.53 0 0 0 0 0 0
2529.63 0 0 0 0 0 0
2529.73 0 0 0 0 0 0
2529.83 0 0 0 0 0 0
2529.93 0 0 0 0 0 0
2530.03 0 0 0 0 0 0
2530.13 0 0 0 0 0 0
2530.23 0 0 0 0 0 0
2530.33 0 0 0 0 0 0
2530.43 0 0 0 0 0 0
2530.53 0 0 0 0 0 0
2530.63 0 0 0 0 0 0
2530.73 0 0 0 0 0 0
2530.83 0 0 0 0 0 0
2530.93 0 0 0 0 0 0
2531.03 0 0 0 0 0 0
2531.13 0 0 0 0 0 0
2531.23 0 0 0 0 0 0
2531.33 0 0 0 0 0 0
2531.43 0 0 0 0 0 0
2531.53 0 0 0 0 0 0
2531.63 0 0 0 0 0 0
2531.73 0 0 0 0 0 0
2531.83 0 0 0 0 0 0
2531.93 0 0 0 0 0 0
2532.03 0 0 0 0 0 0
2532.13 0 0 0 0 0 0
2532.23 0 0 0 0 0 0
2532.33 0 0 0 0 0 0
2532.43 0 0 0 0 0 0
2532.53 0 0 0 0 0 0
2532.63 0 0 0 0 0 0
2532.73 0 0 0 0 0 0
2532.83 0 0 0 0 0 0
2532.93 0 0 0 0 0 0
2533.03 0 0 0 0 0 0
2533.13 0 0 0 0 0 0
2533.23 0 0 0 0 0 0
2533.33 0 0 0 0 0 0
2533.43 0 0 0 0 0 0
2533.53 0 0 0 0 0 0
2533.63 0 0 0 0 0 0
2533.73 0 0 0 0 0 0
2533.83 0 0 0 0 0 0
2533.93 0 0 0 0 0 0
2534.03 0 0 0 0 0 0
2534.13 0 0 0 0 0 0
2534.23 0 0 0 0 0 0
2534.33 0 0 0 0 0 0
2534.43 0 0 0 0 0 0
2534.53 0 0 0 0 0 0
2534.63 0 0 0 0 0 0
2534.73 0 0 0 0 0 0
2534.83 0 0 0 0 0 0
2534.93 0 0 0 0 0 0
2535.03 0 0 0 0 0 0
2535.13 0 0 0 0 0 0
2535.23 0 0 0 0 0 0
2535.33 0 0 0 0 0 0
2535.43 0 0 0 0 0 0
2535.53 0 0 0 0 0 0
2535.63 0 0 0 0 0 0
2535.73 0 0 0 0 0 0
2535.83 0 0 0 0 0 0
2535.93 0 0 0 0 0 0
2536.03 0 0 0 0 0 0
2536.13 0 0 0 0 0 0
2536.23 0 0 0 0 0 0
2536.33 0 0 0 0 0 0
2536.43 0 0 0 0 0 0
2536.53 0 0 0 0 0 0
2536.63 0 0 0 0 0 0
2536.73 0 0 0 0 0 0
2536.83 0 0 0 0 0 0
2536.93 0 0 0 0 0 0
2537.03 0 0 0 0 0 0
2537.13 0 0 0 0 0 0
2537.23 0 0 0 0 0 0
2537.33 0 0 0 0 0 0
2537.43 0 0 0 0 0 0
2537.53 0 0 0 0 0 0
2537.63 0 0 0 0 0 0
2537.73 0 0 0 0 0 0
2537.83 0 0 0 0 0 0
2537.93 0 0 0 0 0 0
2538.03 0 0 0 0 0 0
2538.13 0 0 0 0 0 0
2538.23 0 0 0 0 0 0
2538.33 0 0 0 0 0 0
2538.43 0 0 0 0 0 0
2538.53 0 0 0 0 0 0
2538.63 0 0 0 0 0 0
2538.73 0 0 0 0 0 0
2538.83 0 0 0 0 0 0
2538.93 0 0 0 0 0 0
2539.03 0 0 0 0 0 0
2539.13 0 0 0 0 0 0
2539.23 0 0 0 0 0 0
2539.33 0 0 0 0 0 0
2539.43 0 0 0 0 0 0
2539.53 0 0 0 0 0 0
2539.63 0 0 0 0 0 0
2539.73 0 0 0 0 0 0
2539.83 0 0 0 0 0 0
2539.93 0 0 0 0 0 0
2540.03 0 0 0 0 0 0
2540.13 0 0 0 0 0 0
2540.23 0 0 0 0 0 0
2540.33 0 0 0 0 0 0
2540.43 0 0 0 0 0 0
2540.53 0 0 0 0 0 0
2540.63 0 0 0 0 0 0
2540.73 0 0 0 0 0 0
2540.83 0 0 0 0 0 0
2540.93 0 0 0 0 0 0
2541.03 0 0 0 0 0 0
2541.13 0 0 0 0 0 0
2541.23 0 0 0 0 0 0
2541.33 0 0 0 0 0 0
2541.43 0 0 0 0 0 0
2541.53 0 0 0 0 0 0
2541.63 0 0 0 0 0 0
2541.73 0 0 0 0 0 0
2541.83 0 0 0 0 0 0
2541.93 0 0 0 0 0 0
2542.03 0 0 0 0 0 0
2542.13 0 0 0 0 0 0
2542.23 0 0 0 0 0 0
2542.33 0 0 0 0 0 0
2542.43 0 0 0 0 0 0
2542.53 0 0 0 0 0 0
2542.63 0 0 0 0 0 0
2542.73 0 0 0 0 0 0
2542.83 0 0 0 0 0 0
2542.93 0 0 0 0 0 0
2543.03 0 0 0 0 0 0
2543.13 0 0 0 0 0 0
2543.23 0 0 0 0 0 0
2543.33 0 0 0 0 0 0
2543.43 0 0 0 0 0 0
2543.53 0 0 0 0 0 0
2543.63 0 0 0 0 0 0
2543.73 0 0 0 0 0 0
2543.83 0 0 0 0 0 0
2543.93 0 0 0 0 0 0
2544.03 0 0 0 0 0 0
2544.13 0 0 0 0 0 0
2544.23 0 0 0 0 0 0
2544.33 0 0 0 0 0 0
2544.43 0 0 0 0 0 0
2544.53 0 0 0 0 0 0
2544.63 0 0 0 0 0 0
2544.73 0 0 0 0 0 0
2544.83 0 0 0 0 0 0
2544.93 0 0 0 0 0 0
2545.03 0 0 0 0 0 0
2545.13 0 0 0 0 0 0
2545.23 0 0 0 0 0 0
2545.33 0 0 0 0 0 0
2545.43 0 0 0 0 0 0
2545.53 0 0 0 0 0 0
2545.63 0 0 0 0 0 0
2545.73 0 0 0 0 0 0
2545.83 0 0 0 0 0 0
2545.93 0 0 0 0 0 0
2546.03 0 0 0 0 0 0
2546.13 0 0 0 0 0 0
2546.23 0 0 0 0 0 0
2546.33 0 0 0 0 0 0
2546.43 0 0 0 0 0 0
2546.53 0 0 0 0 0 0
2546.63 0 0 0 0 0 0
2546.73 0 0 0 0 0 0
2546.83 0 0 0 0 0 0
2546.93 0 0 0 0 0 0
2547.03 0 0 0 0 0 0
2547.13 0 0 0 0 0 0
2547.23 0 0 0 0 0 0
2547.33 0 0 0 0 0 0
2547.43 0 0 0 0 0 0
2547.53 0 0 0 0 0 0
2547.63 0 0 0 0 0 0
2547.73 0 0 0 0 0 0
2547.83 0 0 0 0 0 0
2547.93 0 0 0 0 0 0
2548.03 0 0 0 0 0 0
2548.13 0 0 0 0 0 0
2548.23 0 0 0 0 0 0
2548.33 0 0 0 0 0 0
2548.43 0 0 0 0 0 0
2548.53 0 0 0 0 0 0
2548.63 0 0 0 0 0 0
2548.73 0 0 0 0 0 0
2548.83 0 0 0 0 0 0
2548.93 0 0 0 0 0 0
2549.03 0 0 0 0 0 0
2549.13 0 0 0 0 0 0
2549.23 0 0 0 0 0 0
2549.33 0 0 0 0 0 0
2549.43 0 0 0 0 0 0
2549.53 0 0 0 0 0 0
2549.63 0 0 0 0 0 0
2549.73 0 0 0 0 0 0
2549.83 0 0 0 0 0 0
2549.93 0 0 0 0 0 0
2550.03 0 0 0 0 0 0
2550.13 0 0 0 0 0 0
2550.23 0 0 0 0 0 0
2550.33 0 0 0 0 0 0
2550.43 0 0 0 0 0 0
2550.53 0 0 0 0 0 0
2550.63 0 0 0 0 0 0
2550.73 0 0 0 0 0 0
2550.83 0 0 0 0 0 0
2550.93 0 0 0 0 0 0
2551.03 0 0 0 0 0 0
2551.13 0 0 0 0 0 0
2551.23 0 0 0 0 0 0
2551.33 0 0 0 0 0 0
2551.43 0 0 0 0 0 0
2551.53 0 0 0 0 0 0
2551.63 0 0 0 0 0 0
2551.73 0 0 0 0 0 0
2551.83 0 0 0 0 0 0
2551.93 0 0 0 0 0 0
2552.03 0 0 0 0 0 0
2552.13 0 0 0 0 0 0
2552.23 0 0 0 0 0 0
2552.33 0 0 0 0 0 0
2552.43 0 0 0 0 0 0
2552.53 0 0 0 0 0 0
2552.63 0 0 0 0 0 0
2552.73 0 0 0 0 0 0
2552.83 0 0 0 0 0 0
2552.93 0 0 0 0 0 0
2553.03 0 0 0 0 0 0
2553.13 0 0 0 0 0 0
2553.23 0 0 0 0 0 0
2553.33 0 0 0 0 0 0
2553.43 0 0 0 0 0 0
2553.53 0 0 0 0 0 0
2553.63 0 0 0 0 0 0
2553.73 0 0 0 0 0 0
2553.83 0 0 0 0 0 0
2553.93 0 0 0 0 0 0
2554.03 0 0 0 0 0 0
2554.13 0 0 0 0 0 0
2554.23 0 0 0 0 0 0
2554.33 0 0 0 0 0 0
2554.43 0 0 0 0 0 0
2554.53 0 0 0 0 0 0
2554.63 0 0 0 0 0 0
2554.73 0 0 0 0 0 0
2554.83 0 0 0 0 0 0
2554.93 0 0 0 0 0 0
2555.03 0 0 0 0 0 0
2555.13 0 0 0 0 0 0
2555.23 0 0 0 0 0 0
2555.33 0 0 0 0 0 0
2555.43 0 0 0 0 0 0
2555.53 0 0 0 0 0 0
2555.63 0 0 0 0 0 0
2555.73 0 0 0 0 0 0
2555.83 0 0 0 0 0 0
2555.93 0 0 0 0 0 0
2556.03 0 0 0 0 0 0
2556.13 0 0 0 0 0 0
2556.23 0 0 0 0 0 0
2556.33 0 0 0 0 0 0
2556.43 0 0 0 0 0 0
2556.53 0 0 0 0 0 0
2556.63 0 0 0 0 0 0
2556.73 0 0 0 0 0 0
2556.83 0 0 0 0 0 0
2556.93 0 0 0 0 0 0
2557.03 0 0 0 0 0 0
2557.13 0 0 0 0 0 0
2557.23 0 0 0 0 0 0
2557.33 0 0 0 0 0 0
2557.43 0 0 0 0 0 0
2557.53 0 0 0 0 0 0
2557.63 0 0 0 0 0 0
2557.73 0 0 0 0 0 0
2557.83 0 0 0 0 0 0
2557.93 0 0 0 0 0 0
2558.03 0 0 0 0 0 0
2558.13 0 0 0 0 0 0
2558.23 0 0 0 0 0 0
2558.33 0 0 0 0 0 0
2558.43 0 0 0 0 0 0
2558.53 0 0 0 0 0 0
2558.63 0 0 0 0 0 0
2558.73 0 0 0 0 0 0
2558.83 0 0 0 0 0 0
2558.93 0 0 0 0 0 0
2559.03 0 0 0 0 0 0
2559.13 0 0 0 0 0 0
2559.23 0 0 0 0 0 0
2559.33 0 0 0 0 0 0
2559.43 0 0 0 0 0 0
2559.53 0 0 0 0 0 0
2559.63 0 0 0 0 0 0
2559.73 0 0 0 0 0 0
2559.83 0 0 0 0 0 0
2559.93 0 0 0 0 0 0
2560.03 0 0 0 0 0 0
2560.13 0 0 0 0 0 0
2560.23 0 0 0 0 0 0
2560.33 0 0 0 0 0 0
2560.43 0 0 0 0 0 0
2560.53 0 0 0 0 0 0
2560.63 0 0 0 0 0 0
2560.73 0 0 0 0 0 0
2560.83 0 0 0 0 0 0
2560.93 0 0 0 0 0 0
2561.03 0 0 0 0 0 0
2561.13 0 0 0 0 0 0
2561.23 0 0 0 0 0 0
2561.33 0 0 0 0 0 0
2561.43 0 0 0 0 0 0
2561.53 0 0 0 0 0 0
2561.63 0 0 0 0 0 0
2561.73 0 0 0 0 0 0
2561.83 0 0 0 0 0 0
2561.93 0 0 0 0 0 0
2562.03 0 0 0 0 0 0
2562.13 0 0 0 0 0 0
2562.23 0 0 0 0 0 0
2562.33 0 0 0 0 0 0
2562.43 0 0 0 0 0 0
2562.53 0 0 0 0 0 0
2562.63 0 0 0 0 0 0
2562.73 0 0 0 0 0 0
2562.83 0 0 0 0 0 0
2562.93 0 0 0 0 0 0
2563.03 0 0 0 0 0 0
2563.13 0 0 0 0 0 0
2563.23 0 0 0 0 0 0
2563.33 0 0 0 0 0 0
2563.43 0 0 0 0 0 0
2563.53 0 0 0 0 0 0
2563.63 0 0 0 0 0 0
2563.73 0 0 0 0 0 0
2563.83 0 0 0 0 0 0
2563.93 0 0 0 0 0 0
2564.03 0 0 0 0 0 0
2564.13 0 0 0 0 0 0
2564.23 0 0 0 0 0 0
2564.33 0 0 0 0 0 0
2564.43 0 0 0 0 0 0
2564.53 0 0 0 0 0 0
2564.63 0 0 0 0 0 0
2564.73 0 0 0 0 0 0
2564.83 0 0 0 0 0 0
2564.93 0 0 0 0 0 0
2565.03 0 0 0 0 0 0
2565.13 0 0 0 0 0 0
2565.23 0 0 0 0 0 0
2565.33 0 0 0 0 0 0
2565.43 0 0 0 0 0 0
2565.53 0 0 0 0 0 0
2565.63 0 0 0 0 0 0
2565.73 0 0 0 0 0 0
2565.83 0 0 0 0 0 0
2565.93 0 0 0 0 0 0
2566.03 0 0 0 0 0 0
2566.13 0 0 0 0 0 0
2566.23 0 0 0 0 0 0
2566.33 0 0 0 0 0 0
2566.43 0 0 0 0 0 0
2566.53 0 0 0 0 0 0
2566.63 0 0 0 0 0 0
2566.73 0 0 0 0 0 0
2566.83 0 0 0 0 0 0
2566.93 0 0 0 0 0 0
2567.03 0 0 0 0 0 0
2567.13 0 0 0 0 0 0
2567.23 0 0 0 0 0 0
2567.33 0 0 0 0 0 0
2567.43 0 0 0 0 0 0
2567.53 0 0 0 0 0 0
2567.63 0 0 0 0 0 0
2567.73 0 0 0 0 0 0
2567.83 0 0 0 0 0 0
2567.93 0 0 0 0 0 0
2568.03 0 0 0 0 0 0
2568.13 0 0 0 0 0 0
2568.23 0 0 0 0 0 0
2568.33 0 0 0 0 0 0
2568.43 0 0 0 0 0 0
2568.53 0 0 0 0 0 0
2568.63 0 0 0 0 0 0
2568.73 0 0 0 0 0 0
2568.83 0 0 0 0 0 0
2568.93 0 0 0 0 0 0
2569.03 0 0 0 0 0 0
2569.13 0 0 0 0 0 0
2569.23 0 0 0 0 0 0
2569.33 0 0 0 0 0 0
2569.43 0 0 0 0 0 0
2569.53 0 0 0 0 0 0
2569.63 0 0 0 0 0 0
2569.73 0 0 0 0 0 0
2569.83 0 0 0 0 0 0
2569.93 0 0 0 0 0 0
2570.03 0 0 0 0 0 0
2570.13 0 0 0 0 0 0
2570.23 0 0 0 0 0 0
2570.33 0 0 0 0 0 0
2570.43 0 0 0 0 0 0
2570.53 0 0 0 0 0 0
2570.63 0 0 0 0 0 0
2570.73 0 0 0 0 0 0
2570.83 0 0 0 0 0 0
2570.93 0 0 0 0 0 0
2571.03 0 0 0 0 0 0
2571.13 0 0 0 0 0 0
2571.23 0 0 0 0 0 0
2571.33 0 0 0 0 0 0
2571.43 0 0 0 0 0 0
2571.53 0 0 0 0 0 0
2571.63 0 0 0 0 0 0
2571.73 0 0 0 0 0 0
2571.83 0 0 0 0 0 0
2571.93 0 0 0 0 0 0
2572.03 0 0 0 0 0 0
2572.13 0 0 0 0 0 0
2572.23 0 0 0 0 0 0
2572.33 0 0 0 0 0 0
2572.43 0 0 0 0 0 0
2572.53 0 0 0 0 0 0
2572.63 0 0 0 0 0 0
2572.73 0 0 0 0 0 0
2572.83 0 0 0 0 0 0
2572.93 0 0 0 0 0 0
2573.03 0 0 0 0 0 0
2573.13 0 0 0 0 0 0
2573.23 0 0 0 0 0 0
2573.33 0 0 0 0 0 0
2573.43 0 0 0 0 0 0
2573.53 0 0 0 0 0 0
2573.63 0 0 0 0 0 0
2573.73 0 0 0 0 0 0
2573.83 0 0 0 0 0 0
2573.93 0 0 0 0 0 0
2574.03 0 0 0 0 0 0
2574.13 0 0 0 0 0 0
2574.23 0 0 0 0 0 0
2574.33 0 0 0 0 0 0
2574.43 0 0 0 0 0 0
2574.53 0 0 0 0 0 0
2574.63 0 0 0 0 0 0
2574.73 0 0 0 0 0 0
2574.83 0 0 0 0 0 0
2574.93 0 0 0 0 0 0
2575.03 0 0 0 0 0 0
2575.13 0 0 0 0 0 0
2575.23 0 0 0 0 0 0
2575.33 0 0 0 0 0 0
2575.43 0 0 0 0 0 0
2575.53 0 0 0 0 0 0
2575.63 0 0 0 0 0 0
2575.73 0 0 0 0 0 0
2575.83 0 0 0 0 0 0
2575.93 0 0 0 0 0 0
2576.03 0 0 0 0 0 0
2576.13 0 0 0 0 0 0
2576.23 0 0 0 0 0 0
2576.33 0 0 0 0 0 0
2576.43 0 0 0 0 0 0
2576.53 0 0 0 0 0 0
2576.63 0 0 0 0 0 0
2576.73 0 0 0 0 0 0
2576.83 0 0 0 0 0 0
2576.93 0 0 0 0 0 0
2577.03 0 0 0 0 0 0
2577.13 0 0 0 0 0 0
2577.23 0 0 0 0 0 0
2577.33 0 0 0 0 0 0
2577.43 0 0 0 0 0 0
2577.53 0 0 0 0 0 0
2577.63 0 0 0 0 0 0
2577.73 0 0 0 0 0 0
2577.83 0 0 0 0 0 0
2577.93 0 0 0 0 0 0
2578.03 0 0 0 0 0 0
2578.13 0 0 0 0 0 0
2578.23 0 0 0 0 0 0
2578.33 0 0 0 0 0 0
2578.43 0 0 0 0 0 0
2578.53 0 0 0 0 0 0
2578.63 0 0 0 0 0 0
2578.73 0 0 0 0 0 0
2578.83 0 0 0 0 0 0
2578.93 0 0 0 0 0 0
2579.03 0 0 0 0 0 0
2579.13 0 0 0 0 0 0
2579.23 0 0 0 0 0 0
2579.33 0 0 0 0 0 0
2579.43 0 0 0 0 0 0
2579.53 0 0 0 0 0 0
2579.63 0 0 0 0 0 0
2579.73 0 0 0 0 0 0
2579.83 0 0 0 0 0 0
2579.93 0 0 0 0 0 0
2580.03 0 0 0 0 0 0
2580.13 0 0 0 0 0 0
2580.23 0 0 0 0 0 0
2580.33 0 0 0 0 0 0
2580.43 0 0 0 0 0 0
2580.53 0 0 0 0 0 0
2580.63 0 0 0 0 0 0
2580.73 0 0 0 0 0 0
2580.83 0 0 0 0 0 0
2580.93 0 0 0 0 0 0
2581.03 0 0 0 0 0 0
2581.13 0 0 0 0 0 0
2581.23 0 0 0 0 0 0
2581.33 0 0 0 0 0 0
2581.43 0 0 0 0 0 0
2581.53 0 0 0 0 0 0
2581.63 0 0 0 0 0 0
2581.73 0 0 0 0 0 0
2581.83 0 0 0 0 0 0
2581.93 0 0 0 0 0 0
2582.03 0 0 0 0 0 0
2582.13 0 0 0 0 0 0
2582.23 0 0 0 0 0 0
2582.33 0 0 0 0 0 0
2582.43 0 0 0 0 0 0
2582.53 0 0 0 0 0 0
2582.63 0 0 0 0 0 0
2582.73 0 0 0 0 0 0
2582.83 0 0 0 0 0 0
2582.93 0 0 0 0 0 0
2583.03 0 0 0 0 0 0
2583.13 0 0 0 0 0 0
2583.23 0 0 0 0 0 0
2583.33 0 0 0 0 0 0
2583.43 0 0 0 0 0 0
2583.53 0 0 0 0 0 0
2583.63 0 0 0 0 0 0
2583.73 0 0 0 0 0 0
2583.83 0 0 0 0 0 0
2583.93 0 0 0 0 0 0
2584.03 0 0 0 0 0 0
2584.13 0 0 0 0 0 0
2584.23 0 0 0 0 0 0
2584.33 0 0 0 0 0 0
2584.43 0 0 0 0 0 0
2584.53 0 0 0 0 0 0
2584.63 0 0 0 0 0 0
2584.73 0 0 0 0 0 0
2584.83 0 0 0 0 0 0
2584.93 0 0 0 0 0 0
2585.03 0 0 0 0 0 0
2585.13 0 0 0 0 0 0
2585.23 0 0 0 0 0 0
2585.33 0 0 0 0 0 0
2585.43 0 0 0 0 0 0
2585.53 0 0 0 0 0 0
2585.63 0 0 0 0 0 0
2585.73 0 0 0 0 0 0
2585.83 0 0 0 0 0 0
2585.93 0 0 0 0 0 0
2586.03 0 0 0 0 0 0
2586.13 0 0 0 0 0 0
2586.23 0 0 0 0 0 0
2586.33 0 0 0 0 0 0
2586.43 0 0 0 0 0 0
2586.53 0 0 0 0 0 0
2586.63 0 0 0 0 0 0
2586.73 0 0 0 0 0 0
2586.83 0 0 0 0 0 0
2586.93 0 0 0 0 0 0
2587.03 0 0 0 0 0 0
2587.13 0 0 0 0 0 0
2587.23 0 0 0 0 0 0
2587.33 0 0 0 0 0 0
2587.43 0 0 0 0 0 0
2587.53 0 0 0 0 0 0
2587.63 0 0 0 0 0 0
2587.73 0 0 0 0 0 0
2587.83 0 0 0 0 0 0
2587.93 0 0 0 0 0 0
2588.03 0 0 0 0 0 0
2588.13 0 0 0 0 0 0
2588.23 0 0 0 0 0 0
2588.33 0 0 0 0 0 0
2588.43 0 0 0 0 0 0
2588.53 0 0 0 0 0 0
2588.63 0 0 0 0 0 0
2588.73 0 0 0 0 0 0
2588.83 0 0 0 0 0 0
2588.93 0 0 0 0 0 0
2589.03 0 0 0 0 0 0
2589.13 0 0 0 0 0 0
2589.23 0 0 0 0 0 0
2589.33 0 0 0 0 0 0
2589.43 0 0 0 0 0 0
2589.53 0 0 0 0 0 0
2589.63 0 0 0 0 0 0
2589.73 0 0 0 0 0 0
2589.83 0 0 0 0 0 0
2589.93 0 0 0 0 0 0
2590.03 0 0 0 0 0 0
2590.13 0 0 0 0 0 0
2590.23 0 0 0 0 0 0
2590.33 0 0 0 0 0 0
2590.43 0 0 0 0 0 0
2590.53 0 0 0 0 0 0
2590.63 0 0 0 0 0 0
2590.73 0 0 0 0 0 0
2590.83 0 0 0 0 0 0
2590.93 0 0 0 0 0 0
2591.03 0 0 0 0 0 0
2591.13 0 0 0 0 0 0
2591.23 0 0 0 0 0 0
2591.33 0 0 0 0 0 0
2591.43 0 0 0 0 0 0
2591.53 0 0 0 0 0 0
2591.63 0 0 0 0 0 0
2591.73 0 0 0 0 0 0
2591.83 0 0 0 0 0 0
2591.93 0 0 0 0 0 0
2592.03 0 0 0 0 0 0
2592.13 0 0 0 0 0 0
2592.23 0 0 0 0 0 0
2592.33 0 0 0 0 0 0
2592.43 0 0 0 0 0 0
2592.53 0 0 0 0 0 0
2592.63 0 0 0 0 0 0
2592.73 0 0 0 0 0 0
2592.83 0 0 0 0 0 0
2592.93 0 0 0 0 0 0
2593.03 0 0 0 0 0 0
2593.13 0 0 0 0 0 0
2593.23 0 0 0 0 0 0
2593.33 0 0 0 0 0 0
2593.43 0 0 0 0 0 0
2593.53 0 0 0 0 0 0
2593.63 0 0 0 0 0 0
2593.73 0 0 0 0 0 0
2593.83 0 0 0 0 0 0
2593.93 0 0 0 0 0 0
2594.03 0 0 0 0 0 0
2594.13 0 0 0 0 0 0
2594.23 0 0 0 0 0 0
2594.33 0 0 0 0 0 0
2594.43 0 0 0 0 0 0
2594.53 0 0 0 0 0 0
2594.63 0 0 0 0 0 0
2594.73 0 0 0 0 0 0
2594.83 0 0 0 0 0 0
2594.93 0 0 0 0 0 0
2595.03 0 0 0 0 0 0
2595.13 0 0 0 0 0 0
2595.23 0 0 0 0 0 0
2595.33 0 0 0 0 0 0
2595.43 0 0 0 0 0 0
2595.53 0 0 0 0 0 0
2595.63 0 0 0 0 0 0
2595.73 0 0 0 0 0 0
2595.83 0 0 0 0 0 0
2595.93 0 0 0 0 0 0
2596.03 0 0 0 0 0 0
2596.13 0 0 0 0 0 0
2596.23 0 0 0 0 0 0
2596.33 0 0 0 0 0 0
2596.43 0 0 0 0 0 0
2596.53 0 0 0 0 0 0
2596.63 0 0 0 0 0 0
2596.73 0 0 0 0 0 0
2596.83 0 0 0 0 0 0
2596.93 0 0 0 0 0 0
2597.03 0 0 0 0 0 0
2597.13 0 0 0 0 0 0
2597.23 0 0 0 0 0 0
2597.33 0 0 0 0 0 0
2597.43 0 0 0 0 0 0
2597.53 0 0 0 0 0 0
2597.63 0 0 0 0 0 0
2597.73 0 0 0 0 0 0
2597.83 0 0 0 0 0 0
2597.93 0 0 0 0 0 0
2598.03 0 0 0 0 0 0
2598.13 0 0 0 0 0 0
2598.23 0 0 0 0 0 0
2598.33 0 0 0 0 0 0
2598.43 0 0 0 0 0 0
2598.53 0 0 0 0 0 0
2598.63 0 0 0 0 0 0
2598.73 0 0 0 0 0 0
2598.83 0 0 0 0 0 0
2598.93 0 0 0 0 0 0
2599.03 0 0 0 0 0 0
2599.13 0 0 0 0 0 0
2599.23 0 0 0 0 0 0
2599.33 0 0 0 0 0 0
2599.43 0 0 0 0 0 0
2599.53 0 0 0 0 0 0
2599.63 0 0 0 0 0 0
2599.73 0 0 0 0 0 0
2599.83 0 0 0 0 0 0
2599.93 0 0 0 0 0 0
2600.03 0 0 0 0 0 0
2600.13 0 0 0 0 0 0
2600.23 0 0 0 0 0 0
2600.33 0 0 0 0 0 0
