0.00 0.00001 0.00000 0.00002 0.000 0.000 0.0098
0.01 0.00001 0.00000 0.00002 0.000 0.000 0.0098
0.02 0.00001 0.00000 0.00002 0.000 0.000 0.0098
0.03 0.00001 0.00000 0.00002 0.000 0.000 0.0098
0.04 0.00001 0.00000 0.00002 0.000 0.000 0.0098
0.05 0.00001 0.00000 0.00002 0.000 0.000 0.0098
0.06 0.00001 0.00000 0.00002 0.000 0.000 0.0098
0.07 0.00001 0.00000 0.00002 0.000 0.000 0.0098
0.08 0.00001 0.00000 0.00002 0.000 0.000 0.0098
0.09 0.00001 0.00000 0.00002 0.000 0.000 0.0098
0.10 0.00001 0.00000 0.00002 0.000 0.000 0.0098
0.20 0.00001 0.00000 0.00002 0.000 0.000 0.0098
0.30 0.00001 0.00000 0.00002 0.000 0.000 0.0098
0.40 0.00001 0.00000 0.00002 0.000 0.000 0.0098
